5.460971604872882
5.411884219660542
5.338253141842032
5.289165756629693
5.338253141842033
5.25848614087198
5.313709449235865
5.2830298334781505
5.276893910326608
5.295301679781237
5.313709449235865
5.325981295538949
5.3505249881451205
5.362796834448206
5.3750686807512915
5.424156065963633
5.448699758569804
5.473243451175974
5.448699758569804
5.41802014281209
5.491651220630603
5.430291989115178
5.491651220630604
5.503923066933689
5.4916512206306045
5.516194913236776
5.491651220630605
5.47937937432752
5.467107528024436
5.467107528024436
5.540738605842946
5.503923066933691
5.503923066933691
5.553010452146031
5.571418221600659
5.516194913236777
5.516194913236778
5.57141822160066
5.522330836388321
5.540738605842948
5.510058990085236
5.460971604872896
5.510058990085237
5.5039230669336945
5.583690067903749
5.6143696836614625
5.577554144752207
5.620505606813005
5.540738605842952
5.491651220630612
5.442563835418271
5.375068680751303
5.362796834448218
5.3443890649935915
5.356660911296676
5.356660911296677
5.454835681721358
5.479379374327527
5.485515297479069
5.577554144752208
5.565282298449123
5.51005899008524
5.516194913236783
5.565282298449124
5.583690067903752
5.534602682691411
5.497787143782156
5.571418221600665
5.5959619142068355
5.614369683661464
5.626641529964549
5.651185222570719
5.528466759539868
5.516194913236784
5.4916512206306125
5.60823376050992
5.589825991055292
5.565282298449121
5.583690067903748
5.577554144752207
5.5039230669336945
5.510058990085238
5.485515297479067
5.510058990085238
5.534602682691407
5.620505606813002
5.718680377237684
5.718680377237683
5.780039608753108
5.798447378207735
5.595961914206831
5.3934764502059265
5.197126909356565
5.233942448265821
5.332117218690502
5.4180201428120975
5.510058990085236
5.602097837358375
5.737088146692311
5.786175531904651
5.804583301359279
5.78003960875311
5.755495916146938
5.890486225480874
5.878214379177789
5.847534763420077
5.810719224510821
5.755495916146938
5.681864838328428
5.577554144752205
5.2278065251142785
5.313709449235875
5.46710752802444
5.792311455056196
6.283185307179601
6.264777537724974
6.031612457966357
5.87207845602625
6.080699843178697
6.277049384028059
6.270913460876517
6.160466844148751
6.080699843178697
6.191146459906463
6.277049384028058
6.16046684414875
6.007068765360185
5.7616318392984835
5.454835681721354
5.000777368507205
4.730796749839332
4.516039439535341
4.6817093646269905
5.148039524144226
5.264622064023536
5.307573526084334
5.424156065963643
5.5100589900852395
5.356660911296675
5.325981295538961
5.295301679781249
5.2768939103266215
5.301437602932791
5.393476450205929
5.283029833478163
5.283029833478162
5.35052498814513
5.338253141842046
5.356660911296673
5.4425638354182695
5.638913376267631
5.964117303299387
6.780195082454548
7.393787397608805
7.682175785731307
7.823302018216786
7.903069019186839
7.995107866459978
8.136234098945456
8.393942871310244
8.915496339191362
9.743845964649609
10.805360669866472
11.560079217506207
11.885283144537961
12.001865684417272
12.020273453871898
12.05095306962961
12.026409377023441
11.983457914962642
11.983457914962642
12.05095306962961
12.124584147448122
12.253438533630515
12.376156996661368
12.5540987680561
12.799535694117804
13.087924082240304
13.492895010242114
13.940817400304722
14.486914560792009
15.217089415825576
15.922720578252973
16.530176970255685
16.95355566771212
17.370798442017016
17.855536370988876
18.21755583692989
18.493672378749302
18.769788920568715
19.033633616085048
19.279070542146748
19.487691929299196
19.71472108590627
19.978565781422603
20.33444932421207
20.868274638396272
21.494138799853616
21.978876728825476
22.285672886402605
22.38998357997883
22.377711733675746
22.328624348463407
22.21817773173564
22.058643729795534
21.868430112097716
21.610721339732926
21.31006110530734
20.9296338699117
20.54307071136452
20.144235706514255
19.7760803174217
19.371109389419892
18.978410307721166
18.487536455597763
17.916895602504304
17.21740036322845
16.364507045164036
15.315264186250259
14.339652405154991
13.480623163939033
12.627729845874615
11.664389911082434
10.737865515199505
9.707030425740353
8.67005941312966
7.755806863549818
6.927457238091572
6.2463697682703465
5.5346026826914105
4.76761228874859
3.7613208918956103
2.442097414313959
0.8528933180644347
-0.30066023442556666
-1.3376312470362608
-2.098485717827539
-2.8409324191641887
-3.7306412761378605
-4.712388980384671
-6.000932842208609
-4.4914957469291386
-6.185010536754887
-7.3999233207603154
-8.301904024037071
-9.105709956889147
-9.921787736044308
-10.63969074477479
-11.320778214596015
-11.873011298234845
-12.511147305995271
-13.241322161028837
-14.063535863335542
-14.953244720309215
-15.842953577282886
-16.66516727958959
-17.333982903107728
-17.9353033719589
-18.745245227962517
-19.843575472088638
-20.941905716214755
-21.86229418894614
-22.598604967131248
-23.43922643889258
-24.451653758897102
-25.335226692719232
-25.93041123841886
-26.372197705329924
-26.611498708240084
-26.77103271018019
-26.893751173211044
-26.91215894266567
-26.869207480604874
-26.74648901757402
-26.617634631391628
-26.38446955163301
-26.280158858056787
-26.298566627511416
-26.74648901757402
-27.39076094848599
-27.84481926170014
-28.065712495155672
-28.23138242024732
-28.29887757491429
-28.31728534436892
-28.335693113823545
-28.286605728611207
-28.34796496012663
-28.427731961096686
-28.67930481030993
-29.090411661463282
-29.60582920619286
-30.176470059286316
-30.673479834561263
-31.053907069956903
-31.342295458079402
-31.685907154565786
-32.072470313112966
-32.50198493372095
-33.06035394051132
-33.68621810196866
-34.33049003288063
-34.94408234803489
-35.49631543167372
-36.011732976403295
-36.367616519192765
-36.6744126767699
-36.95666514174085
-37.30641276137878
-37.63775261156208
-38.012043923806175
-38.52132554538421
-39.257636323569315
-41.53406381279161
-42.25810274467363
-42.834879520918626
-43.34416114249666
-43.84117091777161
-44.166374844803364
-44.54680208019901
-44.98245262395853
-45.33833616674799
-45.98260809765996
-46.369171256207146
-46.810957723118214
-46.99503541766449
-47.2282004974231
-47.4000063456663
-47.47977334663635
-47.52272480869715
-47.492045192939436
-47.3570548836055
-47.062530572331454
-46.75573441475433
-45.98874402081151
-45.816938172568314
-45.608316785415866
-45.884433327235286
-45.939656635599164
-45.939656635599164
-45.72489932529517
-45.859889634629106
-45.52854978444581
-45.540821630748894
-45.35060801305107
-45.056083701777034
-44.57134577280517
-43.57732622225527
-42.90851059873713
-42.22128720576437
-41.7365492767925
-41.30089873303298
-40.72412195678798
-40.22097625836149
-39.61351986635878
-39.036743090113774
-38.25134492671633
-37.44753899386425
-36.692820446224516
-35.79083974294776
-34.87045127021637
-33.9377909511819
-32.98058693954126
-32.21359654559844
-31.434334305352536
-30.70415945031897
-30.127382674073967
-29.550605897828966
-28.83270288909849
-28.096392110913378
-27.06555702145423
-25.807692775388002
-24.746178070171137
-23.727614827015074
-22.813362277435232
-21.868430112097677
-21.095303795003314
-20.432624094636715
-19.518371545056873
-18.610254918628574
-17.83712860153421
-16.94741974456054
-15.652739959585059
-14.41328348297346
-13.49903093339362
-12.633865769026118
-11.793244297264785
-10.670370360532495
-9.252972112526162
-7.798758325610574
-6.682020312029827
-5.553010452145994
-4.374913207049822
-3.264311116620618
-5.681864838328389
-4.687845287778494
-3.7306412761378533
-2.9145634969826926
-2.147573103039872
-1.5033011721279026
-0.8099418560035927
0.0797670009700795
0.7669903939428466
1.3253594007332201
1.859184714917423
2.411417798556254
2.945243112740457
3.626330582561682
4.424000592262216
5.27075798717509
6.074563920027167
6.859962083424615
7.430602936518074
7.909204942338395
8.4000787944618
8.786641953008981
9.14252549579845
9.516816808042547
9.823612965619677
10.19176835471223
10.467884896531647
10.694914053138723
10.921943209745796
11.093749057988987
11.222603444171382
11.351457830353777
11.541671448051595
11.682797680537075
11.817787989871011
11.84233168247718
11.738020988900958
11.566215140657766
11.351457830353779
11.099884981140534
10.836040285624202
10.529244128047075
10.22858389362149
9.891108120286649
9.504544961739466
9.019807032767604
8.528933180644199
8.013515635914624
7.504234014336592
7.007224239061644
6.39976784705893
5.694136684631536
4.816699673960949
3.90858304753265
3.0127382674074363
2.1843886419491896
1.4358060174609966
0.865165164367538
0.2515728492132816
-0.45405831321411316
-1.1596894756415086
-2.006446870554382
-2.74275764873949
-3.589515043652364
-4.405592822807525
-5.031456984264866
-5.645049299419123
-6.25864161457338
-7.05017570112237
-8.03192340536918
-9.1302536494953
-10.210176124166791
-11.173516058958974
-12.07549676223573
-12.909982310845518
-14.069671786487064
-15.223225338977066
-16.47495366189175
-17.81872083207957
-18.892507383599522
-19.776080317421652
-20.50625517245522
-21.138255257064102
-21.782527187976072
-22.56792535137352
-23.35945943792251
-23.991459522531393
-24.6848188386557
-25.27386746120379
-25.881323853206503
-26.47650839890613
-27.26190656230358
-28.133207649822623
-29.20699420134257
-30.34827590752949
-31.54478092208029
-32.704470397721835
-33.69848994827173
-34.514567727426886
-35.18338335094502
-35.6558494336138
-35.99332520694864
-36.30012136452577
-36.44124759701125
-36.46579128961742
-36.49033498222359
-36.404432058101996
-36.30012136452577
-36.091499977373324
-35.889014513372416
-35.68039312621997
-35.34291735288513
-35.02998527215646
-34.59433472839694
-34.1280045688797
-33.5941792546955
-32.968315093238154
-32.21973246874996
-31.507965383171022
-30.869829375410596
-30.32986813807485
-29.759227284981392
-29.121091277220966
-28.55658634727905
-27.91231441636708
-27.206683253939683
-26.335382166420644
-25.39658592423463
-24.482333374654786
-23.5619449019234
-22.592469043979676
-21.586177647126696
-20.647381404940685
-19.567458930269193
-18.57957530287084
-17.73895383110951
-16.965827514015146
-16.039303118132217
-15.051419490733863
-14.173982480063277
-13.210642545271094
-11.989593838114125
-10.762409207805613
-9.547496423800185
-8.449166179674066
-7.6637680162766175
-6.774059159302945
-5.927301764390071
-5.184855063053421
-4.473087977474483
-3.3624858870452794
-2.1843886419491065
-0.6442719309119234
0.4663301595172813
1.2517283229147296
2.165980872494572
3.104777114680584
4.055845203169682
5.10508806208346
6.074563920027185
6.902913545485431
7.455146629124262
8.038059328520806
8.547340950098839
8.98299149385836
9.38796242186017
9.762253734104267
10.069049891681395
10.400389741864693
10.73172959204799
11.087613134837461
11.412817061869216
11.77483652781023
12.136855993751242
12.431380305025282
12.52341915229842
12.345477380903688
12.167535609508954
11.952778299204965
11.79324429726486
11.52939960174853
11.277826752535283
11.069205365382835
10.780816977260336
10.449477127077039
9.983146967559804
9.529088654345655
9.056622571676877
8.596428335311185
8.136234098945492
7.694447632034429
7.283340780881077
6.675884388878362
6.142059074694158
5.418020142812135
4.706253057233198
4.0006218948058025
3.294990732378408
2.577087723647928
1.9205439464328729
1.270136092369361
0.5154175447296256
-0.36201946594096146
-1.3560390164908567
-2.325514874434582
-3.313398501832935
-3.9331267401387344
-4.4914957469291075
-5.092816215780279
-5.595961914206769
-3.380893656499903
-4.074252972624213
-4.71238898038464
-5.2093987556595875
-5.859806609723099
-6.571573695302037
-7.4612825522757085
-8.63937979737188
-10.559923743804703
-11.639846218476194
-12.603186153268377
-13.529710549151304
-14.25988540418487
-15.137322414855458
-15.947264270859076
-16.89219643619663
-17.55487613656323
-18.591847149173926
-19.592002622875363
-20.84986686894159
-22.709051583858987
-24.12644983186532
-25.120469382415212
-25.97336270047963
-26.764896787028622
-27.45825610315293
-28.44000380739974
-29.740819515526766
-30.90050899116831
-31.845441156505863
-32.79650924499496
-33.538955946331605
-34.46548034221453
-35.60676204840146
-36.52101459798129
-37.429131224409595
-37.920005076533
-38.509053699081086
-39.036743090113745
-39.723966483086514
-40.62594718636327
-41.58315119800391
-42.55876297909918
-43.47301552867902
-44.227734076318754
-41.47270458127615
-41.767228892550186
-41.804044431459445
-41.54633565909466
-41.31930650248758
-41.159772500547476
-40.89592780503114
-40.730257879939494
-40.607539416908644
-40.398918029756196
-40.282335489876886
-40.043034486966725
-39.681015021025715
-39.3619470171455
-38.88948093447672
-38.24520900356475
-37.668432227319755
-36.87689814077076
-36.28784951822268
-35.79697566609927
-35.2386066593089
-34.655693959912355
-33.85802395021182
-32.62470339675177
-30.93118860692602
-29.5874214367382
-28.62408150194602
-27.55643087357761
-26.304702550662928
-24.92411984156585
-23.923964367864414
-22.97903220252686
-22.1200029613109
-21.2548377969434
-20.414216325182068
-19.50609969875377
-18.573439379719296
-17.665322753290997
-16.757206126862698
-15.873633193040568
-14.898021411945301
-13.79355524466764
-12.627729845874553
-11.437360754475296
-10.277671278833752
-9.345010959799282
-8.504389488037951
-7.68831170888279
-6.952000930697682
-6.209554229361032
-5.571418221600605
-4.957825906446349
-4.295146206079751
-3.6140587362585266
-2.9697868053465575
-2.393010029101556
-1.8898643306750658
-1.3376312470362355
-0.5460971604872444
0.558369006790417
0.981747704246854
0.6074563920027576
0.16566992509169287
-0.04295146206075451
0.0061359231515858426
0.13499030933397968
0.31293208072871403
0.4908738521234484
0.5583690067904167
0.5276893910327037
0.3067961575771714
-0.18407769454623413
-0.5092816215779905
-0.8160777791551181
-1.1842331682476726
-1.3683108627939493
-1.5462526341886837
-1.5217089415825136
-1.509437095279428
-1.3867186322485772
-1.2394564766115552
-1.0799224746714486
-0.9817477042467679
-0.9387962421859699
-0.8160777791551181
-0.8590292412159162
-0.6504078540634692
-0.6074563920026712
-0.497009775274905
-0.5522330836387885
-0.5951845456995866
-0.497009775274905
-0.5951845456995866
-0.6933593161242673
-0.7240389318819798
-0.791534086548948
-0.7853981633974056
-0.834485548609746
-0.8467573949128315
-0.877437010670544
-0.920388472731342
-0.9265243958828844
-0.920388472731342
-0.9940195505498526
-1.0062913968529381
-1.0492428589137361
-1.0369710126106506
-1.0062913968529381
-1.086058397822991
-1.0737865515199063
-1.129009859883789
-1.2271846303084706
-1.3499030933393215
-1.2885438618238956
-1.257864246066183
-1.1596894756415024
-1.0369710126106506
-0.9265243958828844
-0.6810874698211817
-0.4786020058202771
-0.33133985018325607
-0.2147573103039475
-0.17180584824314948
-0.042951462060755397
0.23316507975865974
0.49700977527499
0.693359316124352
0.30066023442562784
-0.45405831321410695
-0.6933593161242673
-0.3681553890925109
-0.16566992509160627
-0.8222137023066614
-0.7731263170943201
-0.2761165418193725
0.03067961575775513
-1.2455923997630984
-1.3314953238846936
-1.2701360923692686
-1.024699166307566
-0.8222137023066614
-0.3804272353955964
0.3190680038802558
0.7363107781851501
-0.4786020058202771
-0.8406214717612883
-0.7179030087304374
0.03681553890929834
0.2883883881225435
0.20862138715249018
0.061359231515468626
-0.15339807878852163
-0.4724660826687348
-0.6933593161242673
-0.8222137023066614
-0.7853981633974056
-0.687223392972725
-0.687223392972725
-0.6197282383057567
-0.42951462060793677
-0.6074563920026712
-0.4172427743048521
-0.3129320807286282
-0.26384469551628786
-0.3067961575770859
-0.22089323345548983
-0.3988350048502243
-0.5215534678810752
-0.6810874698211817
-0.7547185476396931
-0.8222137023066614
-0.7853981633974056
-0.9449321653375122
-1.0308350894591083
-0.8222137023066614
-0.7547185476396931
-0.791534086548948
-0.8406214717612883
-1.0062913968529381
-0.9940195505498526
-1.024699166307566
-0.920388472731342
-0.834485548609746
-0.8160777791551181
-0.7485826244881499
-0.7608544707912355
-0.8038059328520335
-0.8099418560035758
-0.7976700097004912
-0.7424467013366076
-0.7485826244881499
-0.6504078540634692
-0.7424467013366076
-0.7485826244881499
-0.7179030087304374
-0.7485826244881499
-0.7485826244881499
-0.7669903939427778
-0.7792622402458633
-0.7853981633974056
-0.7731263170943201
-0.7547185476396931
-0.7424467013366076
-0.7179030087304374
-0.730174855033523
-0.730174855033523
-0.7485826244881499
-0.7731263170943201
-0.7853981633974056
-0.7363107781850653
-0.7608544707912355
-0.6994952392758096
-0.7792622402458633
-0.7976700097004912
-0.7608544707912355
-0.791534086548948
-0.7363107781850653
-0.7547185476396931
-0.730174855033523
-0.7853981633974056
-0.8099418560035758
-0.7853981633974056
-0.730174855033523
-0.7853981633974056
-0.7792622402458633
-0.7240389318819798
-0.7792622402458633
-0.7547185476396931
-0.7792622402458633
-0.7363107781850653
-0.7731263170943201
-0.7485826244881499
-0.730174855033523
-0.7669903939427778
-0.7669903939427778
-0.8406214717612883
-0.7424467013366076
-0.7853981633974056
-0.7363107781850653
-0.7792622402458633
-0.730174855033523
-0.730174855033523
-0.7424467013366076
-0.791534086548948
-0.7976700097004912
-0.7853981633974056
-0.7853981633974056
-0.7608544707912355
-0.791534086548948
-0.7976700097004912
-0.7976700097004912
-0.7853981633974056
-0.8038059328520335
-0.7731263170943201
-0.7179030087304374
-0.7669903939427778
-0.7485826244881499
-0.7976700097004912
-0.7976700097004912
-0.7608544707912355
-0.791534086548948
-0.7547185476396931
-0.7792622402458633
-0.7669903939427778
-0.7547185476396931
-0.7547185476396931
-0.7792622402458633
-0.7240389318819798
-0.7485826244881499
-0.7608544707912355
-0.730174855033523
-0.7731263170943201
-0.7731263170943201
-0.7240389318819798
-0.7731263170943201
-0.7547185476396931
-0.7363107781850653
-0.7792622402458633
-0.7485826244881499
-0.7608544707912355
-0.7853981633974056
-0.7669903939427778
-0.791534086548948
-0.8099418560035758
-0.8283496254582037
-0.8160777791551181
-0.7853981633974056
-0.8160777791551181
-0.834485548609746
-0.8590292412159162
-0.8283496254582037
-0.8528933180643739
-0.8590292412159162
-0.8528933180643739
-0.8897088569736296
-0.9265243958828844
-0.9326603190344276
-0.920388472731342
-0.8897088569736296
-0.920388472731342
-0.9081166264282565
-0.9142525495797997
-0.9142525495797997
-0.8713010875190017
-0.9142525495797997
-0.9449321653375122
-0.9326603190344276
-0.9019807032767142
-0.877437010670544
-0.8283496254582037
-0.920388472731342
-0.8897088569736296
-0.9265243958828844
-0.9142525495797997
-0.9510680884890546
-0.9142525495797997
-0.9265243958828844
-0.920388472731342
-0.9265243958828844
-0.9387962421859699
-0.9265243958828844
-0.9326603190344276
-0.9510680884890546
-0.8958447801251719
-0.9326603190344276
-0.8713010875190017
-0.9449321653375122
-0.8835729338220863
-0.9326603190344276
-0.8897088569736296
-0.9387962421859699
-0.9142525495797997
-0.9449321653375122
-0.8835729338220863
-0.920388472731342
-0.8651651643674594
-0.920388472731342
-0.9387962421859699
-0.9449321653375122
-0.8958447801251719
-0.9081166264282565
-0.9142525495797997
-0.8958447801251719
-0.920388472731342
-0.9510680884890546
-0.9019807032767142
-0.9326603190344276
-0.9265243958828844
-0.8835729338220863
-0.920388472731342
-0.9387962421859699
-0.9081166264282565
-0.920388472731342
-0.9265243958828844
-0.8897088569736296
-0.9572040116405978
-0.9326603190344276
-0.8835729338220863
-0.9326603190344276
-0.8835729338220863
-0.9265243958828844
-0.920388472731342
-0.9449321653375122
-0.8897088569736296
-0.8651651643674594
-0.9081166264282565
-0.8406214717612883
-0.9142525495797997
-0.9326603190344276
-0.8958447801251719
-0.8835729338220863
-0.8467573949128315
-0.8835729338220863
-0.877437010670544
-0.9387962421859699
-0.8651651643674594
-0.920388472731342
-0.877437010670544
-0.8897088569736296
-0.8897088569736296
-0.9081166264282565
-0.877437010670544
-0.8713010875190017
-0.8651651643674594
-0.8835729338220863
-0.9387962421859699
-0.9142525495797997
-0.8651651643674594
-0.8651651643674594
-0.8713010875190017
-0.8651651643674594
-0.9265243958828844
-0.8835729338220863
-0.8835729338220863
-0.9142525495797997
-0.8467573949128315
-0.8528933180643739
-0.9142525495797997
-0.9081166264282565
-0.877437010670544
-0.8528933180643739
-0.920388472731342
-0.8897088569736296
-0.9081166264282565
-0.877437010670544
-0.8835729338220863
-0.8897088569736296
-0.8713010875190017
-0.9142525495797997
-0.8835729338220863
-0.877437010670544
-0.8958447801251719
-0.8897088569736296
-0.877437010670544
-0.8651651643674594
-0.8835729338220863
-0.9081166264282565
-0.4663301595171925
-0.8958447801251719
-0.9265243958828844
-0.8958447801251719
-0.877437010670544
-0.9081166264282565
-0.8835729338220863
-0.8713010875190017
-0.8467573949128315
-0.920388472731342
-0.9019807032767142
-0.9081166264282565
-0.8651651643674594
-0.8958447801251719
-0.8897088569736296
-0.8835729338220863
-0.8958447801251719
-0.920388472731342
-0.9265243958828844
-0.8897088569736296
-0.8651651643674594
-0.8835729338220863
-0.8897088569736296
-0.8590292412159162
-0.9019807032767142
-0.920388472731342
-0.8958447801251719
-0.920388472731342
-0.8713010875190017
-0.9142525495797997
-0.920388472731342
-0.9019807032767142
-0.9081166264282565
-0.9265243958828844
-0.8713010875190017
-0.920388472731342
-0.8897088569736296
-0.9142525495797997
-0.9265243958828844
-0.9265243958828844
-0.8713010875190017
-0.8958447801251719
-0.9081166264282565
