5.460971604872882
5.411884219660542
5.338253141842031
5.289165756629691
5.338253141842031
5.258486140871978
5.313709449235861
5.283029833478148
5.2768939103266055
5.295301679781233
5.313709449235861
5.325981295538946
5.350524988145116
5.3627968344482015
5.375068680751287
5.424156065963627
5.448699758569798
5.473243451175968
5.448699758569798
5.418020142812084
5.491651220630596
5.43029198911517
5.491651220630596
5.50392306693368
5.491651220630596
5.516194913236766
5.491651220630596
5.47937937432751
5.4671075280244255
5.4671075280244255
5.540738605842936
5.50392306693368
5.50392306693368
5.553010452146021
5.5714182216006485
5.516194913236766
5.516194913236766
5.5714182216006485
5.522330836388308
5.540738605842936
5.5100589900852235
5.460971604872882
5.5100589900852235
5.50392306693368
5.583690067903734
5.6143696836614465
5.577554144752192
5.620505606812989
5.540738605842936
5.491651220630596
5.442563835418255
5.375068680751287
5.3627968344482015
5.344389064993574
5.356660911296659
5.356660911296659
5.45483568172134
5.47937937432751
5.485515297479052
5.577554144752192
5.565282298449106
5.5100589900852235
5.516194913236766
5.565282298449106
5.583690067903734
5.534602682691394
5.497787143782138
5.5714182216006485
5.595961914206819
5.6143696836614465
5.626641529964532
5.651185222570702
5.5284667595398505
5.516194913236766
5.491651220630596
5.608233760509904
5.589825991055276
5.565282298449106
5.583690067903734
5.577554144752192
5.50392306693368
5.5100589900852235
5.485515297479052
5.5100589900852235
5.534602682691394
5.620505606812989
5.71868037723767
5.71868037723767
5.780039608753096
5.798447378207723
5.595961914206819
5.393476450205914
5.197126909356553
5.2339424482658075
5.332117218690489
5.418020142812084
5.5100589900852235
5.602097837358362
5.737088146692298
5.786175531904639
5.8045833013592665
5.780039608753096
5.755495916146925
5.890486225480862
5.878214379177777
5.8475347634200645
5.810719224510809
5.755495916146925
5.681864838328415
5.577554144752192
5.227806525114265
5.313709449235861
5.4671075280244255
5.792311455056181
0.0
6.264777537724958
6.031612457966341
5.872078456026235
6.080699843178682
6.277049384028044
6.270913460876501
6.160466844148735
6.080699843178682
6.191146459906448
6.277049384028044
6.160466844148735
6.007068765360171
5.7616318392984684
5.45483568172134
5.00077736850719
4.7307967498393175
4.516039439535327
4.681709364626977
5.148039524144211
5.264622064023521
5.307573526084319
5.424156065963627
5.5100589900852235
5.356660911296659
5.325981295538946
5.295301679781233
5.2768939103266055
5.301437602932776
5.393476450205914
5.283029833478148
5.283029833478148
5.350524988145116
5.338253141842031
5.356660911296659
5.442563835418255
5.638913376267617
5.964117303299373
0.4970097752749477
1.1106020904292042
1.3989904785517047
1.5401167110371838
1.6198837120072371
1.7119225592803755
1.8530487917658545
2.110757564130642
2.6323110320117604
3.4606606574700063
4.522175362686871
5.2768939103266055
5.602097837358362
5.71868037723767
5.737088146692298
5.767767762450011
5.743224069843841
5.700272607783043
5.700272607783043
5.767767762450011
5.841398840268521
5.970253226450915
6.092971689481767
6.270913460876501
0.23316507975861744
0.521553467881118
0.9265243958829272
1.3744467859455345
1.9205439464328227
2.650718801466388
3.356349963893783
3.9638063558964967
4.387185053352934
4.804427827657828
5.289165756629691
5.651185222570702
5.927301764390117
6.2034183062095325
0.18407769454627693
0.4295146206079795
0.6381360077604268
0.8651651643675016
1.1290098598838318
1.4848934026733007
2.018718716857504
2.6445828783148455
3.129320807286708
3.436116964863836
3.54042765844006
3.5281558121369745
3.479068426924634
3.368621810196868
3.2090878082567613
3.018874190558942
2.761165418194154
2.4605051837685683
2.0800779483729293
1.6935147898257479
1.2946797849754812
0.9265243958829272
0.521553467881118
0.12885438618239387
5.921165841238575
5.350524988145116
4.651029748869264
3.7981364308048478
2.748893571891069
1.7732817907958012
0.9142525495798421
0.06135923151542565
5.381204603902829
4.454680208019902
3.423845118560751
2.386874105950058
1.4726215563702154
0.6442719309119693
6.2463697682703305
5.534602682691394
4.767612288748572
3.761320891895592
2.442097414313941
0.8528933180644165
5.982525072754001
4.945554060143307
4.184699589352029
3.442252888015379
2.552544031041707
1.5707963267948966
0.28225246497095796
1.7916895602504288
0.09817477042468103
5.166447293598839
4.264466590322082
3.4606606574700063
2.6445828783148455
1.9266798695843652
1.2455923997631406
0.6933593161243098
0.05522330836388308
5.608233760509904
4.7860200582032
3.8963112012295285
3.0066023442558567
2.184388641949153
1.5155730184310134
0.9142525495798421
0.1043106935762236
5.289165756629691
4.190835512503572
3.2704470397721868
2.5341362615870793
1.6935147898257479
0.6810874698212247
6.080699843178682
5.485515297479052
5.043728830567988
4.804427827657828
4.6448938257177215
4.522175362686871
4.503767593232243
4.546719055293041
4.669437518323892
4.798291904506286
5.031456984264903
5.135767677841127
5.117359908386499
4.669437518323892
4.025165587411922
3.5711072741977725
3.3502140407422405
3.184544115650591
3.117048960983623
3.098641191528995
3.0802334220743677
3.129320807286708
3.067961575771282
2.988194574801229
2.736621725587984
2.325514874434632
1.8100973297050567
1.239456476611598
0.7424467013366504
0.3620194659410113
0.07363107781851078
6.013204688511713
5.626641529964532
5.197126909356553
4.638757902566179
4.0128937411088375
3.368621810196868
2.7550294950426117
2.2027964114037806
1.6873788666742053
1.3314953238847365
1.0246991663076084
0.7424467013366504
0.39269908169872414
0.06135923151542565
5.970253226450915
5.460971604872882
4.724660826687775
2.448233337465483
1.7241944055834606
1.1474176293384597
0.6381360077604268
0.14112623248547898
6.0991076126333095
5.71868037723767
5.283029833478148
4.92714629068868
4.28287435977671
3.8963112012295285
3.454524734318464
3.2704470397721868
3.0372819600135696
2.8654761117703775
2.7857091108003242
2.742757648739526
2.773437264497239
2.9084275738311756
3.2029518851052186
3.509748042682347
4.276738436625168
4.448544284868359
4.657165672020807
4.381049130201391
4.325825821837508
4.325825821837508
4.540583132141498
4.405592822807561
4.73693267299086
4.724660826687775
4.914874444385594
5.209398755659637
5.6941366846315
0.4049709280018093
1.0737865515199487
1.761009944492716
2.2457478734645786
2.6813984172241008
3.2581751934691017
3.761320891895592
4.368777283898306
4.945554060143307
5.730952223540755
0.25157284921324513
1.0062913968529805
1.9082721001297376
2.8286605728611223
3.761320891895592
4.718524903536232
5.485515297479052
6.264777537724958
0.7117670855789375
1.2885438618239387
1.8653206380689396
2.5832236467994196
3.3195344249845276
4.3503695144436785
5.608233760509904
0.3865631585471816
1.4051264017032472
2.3193789512830896
3.2643111166206444
4.037437433715008
4.700117134081604
5.6143696836614465
0.23930100291016002
1.012427320004523
1.902136176978195
3.1968159619536762
4.4362724385652745
5.350524988145116
6.215690152512618
0.7731263170943632
1.8960002538266525
3.313398501832985
4.767612288748572
5.884350302329319
0.7301748550335652
1.9082721001297376
3.018874190558942
0.6013204688511713
1.5953400194010667
2.552544031041707
3.368621810196868
4.135612204139688
4.779884135051658
5.473243451175968
0.07976700097005335
0.7669903939428205
1.325359400733194
1.859184714917397
2.411417798556228
2.945243112740431
3.6263305825616556
4.424000592262189
5.270757987175063
6.074563920027139
0.5767767762450011
1.1474176293384597
1.6260196351587797
2.116893487282185
2.5034566458293663
2.859340188618835
3.2336315008629315
3.54042765844006
3.9085830475326135
4.184699589352029
4.411728745959104
4.638757902566179
4.81056375080937
4.9394181369917645
5.0682725231741586
5.258486140871978
5.399612373357457
5.534602682691394
5.559146375297564
5.45483568172134
5.283029833478148
5.0682725231741586
4.816699673960914
4.552854978444583
4.246058820867455
3.9453985864418692
3.6079228131070282
3.2213596545598464
2.736621725587984
2.2457478734645786
1.7303303287350031
1.2210487071569704
0.7240389318820226
0.11658253987930872
5.6941366846315
4.816699673960914
3.9085830475326135
3.0127382674073995
2.184388641949153
1.4358060174609601
0.8651651643675016
0.25157284921324513
5.829126993965437
5.123495831538041
4.276738436625168
3.54042765844006
2.693670263527186
1.8775924843720249
1.2517283229146832
0.6381360077604268
0.02454369260617026
5.516194913236766
4.534447208989955
3.436116964863836
2.356194490192345
1.3928545554001621
0.4908738521234052
5.939573610693203
4.779884135051658
3.6263305825616556
2.3746022596469727
1.030835089459151
6.240233845118788
5.356660911296659
4.626486056263094
3.9944859716542096
3.3502140407422405
2.564815877344792
1.7732817907958012
1.141281706186917
0.4479223900626072
6.1420590746941075
5.534602682691394
4.9394181369917645
4.154019973594316
3.2827188860752723
2.2089323345553233
1.0676506283684062
6.154330920997192
4.994641445355648
4.000621894805752
3.184544115650591
2.5157284921324514
2.043262409463674
1.705786636128833
1.3989904785517047
1.2578642460662257
1.2333205534600555
1.2087768608538851
1.2946797849754812
1.3989904785517047
1.607611865704152
1.8100973297050567
2.018718716857504
2.356194490192345
2.6691265709210157
3.104777114680538
3.5711072741977725
4.104932588381976
4.7307967498393175
5.47937937432751
6.191146459906448
0.5460971604872883
1.086058397823034
1.6566992509164924
2.2948352586769194
2.859340188618835
3.5036121195308043
4.2092432819582
5.080544369477243
6.019340611663256
0.6504078540635119
1.5707963267948966
2.5402721847386216
3.5465635815916023
4.485359823777615
5.565282298449106
0.2699806186678728
1.1106020904292042
1.8837284075235674
2.8102528034064944
3.7981364308048478
4.675573441475434
5.638913376267617
0.5767767762450011
1.8039614065535141
3.018874190558942
4.1172044346850605
4.902602598082509
5.792311455056181
0.35588354278946877
1.0983302441261191
1.8100973297050567
2.9206994201342606
4.0987966652304335
5.638913376267617
0.4663301595172349
1.2517283229146832
2.1659808724945253
3.104777114680538
4.0558452031696355
5.105088062083414
6.074563920027139
0.619728238305799
1.1719613219446299
1.7548740213411735
2.2641556429192065
2.6998061866787286
3.104777114680538
3.479068426924634
3.785864584501762
4.1172044346850605
4.448544284868359
4.804427827657828
5.129631754689584
5.491651220630596
5.853670686571607
6.14819499784565
6.240233845118788
6.062292073724054
5.884350302329319
5.66959299202533
5.5100589900852235
5.246214294568893
4.994641445355648
4.7860200582032
4.4976316700806995
4.166291819897402
3.6999616603801666
3.2459033471660166
2.773437264497239
2.313243028131547
1.8530487917658545
1.41126232485479
1.000155473701438
0.39269908169872414
6.1420590746941075
5.418020142812084
4.706253057233147
4.000621894805752
3.2949907323783574
2.5770877236478773
1.9205439464328227
1.2701360923693108
0.5154175447295755
5.921165841238575
4.92714629068868
3.9576704327449543
2.9697868053466014
2.350058567040802
1.7916895602504288
1.1903690913992575
0.6872233929727672
2.9022916506796332
2.2089323345553233
1.5707963267948966
1.0737865515199487
0.42337869745643697
5.994796919057086
5.105088062083414
3.9269908169872414
2.0064468705544187
0.9265243958829272
6.2463697682703305
5.3198453723874035
4.589670517353839
3.7122335066832517
2.9022916506796332
1.9573594853420782
1.2946797849754812
0.25770877236478773
5.540738605842936
4.28287435977671
2.423689644859313
1.0062913968529805
0.01227184630308513
5.442563835418255
4.651029748869264
3.9576704327449543
2.9759227284981438
1.6751070203711202
0.5154175447295755
5.853670686571607
4.902602598082509
4.1601558967458585
3.2336315008629315
2.0923497946760143
1.1780972450961724
0.2699806186678728
6.062292073724054
5.473243451175968
4.945554060143307
4.25833066717054
3.356349963893783
2.399145952253143
1.423534171157875
0.5092816215780329
6.037748381117884
2.509592568980909
2.2150682577068657
2.1782527187976104
2.435961491162398
2.662990647769473
2.82252464970958
3.08636934522591
3.2520392703175593
3.3747577333484107
3.5833791205008576
3.6999616603801666
3.9392626632903265
4.301282129231338
4.620350133111551
5.092816215780329
5.737088146692298
0.030679615757712823
0.8222137023067037
1.41126232485479
1.902136176978195
2.4605051837685683
3.043417883165112
3.8410878928656453
5.074408446325701
0.48473792897186263
1.8285050991596843
2.791845033951867
3.859495662320273
5.111223985234957
0.2086213871524472
1.2087768608538851
2.1537090261914402
3.0127382674073995
3.877903431774901
4.718524903536232
5.626641529964532
0.2761165418194154
1.184233168247715
2.0923497946760143
2.9759227284981438
3.9515345095934116
5.056000676871073
6.22182607566416
1.1290098598838318
2.2886993355253766
3.2213596545598464
4.061981126321178
4.878058905476339
5.6143696836614465
0.07363107781851078
0.7117670855789375
1.325359400733194
1.9880391010997909
2.6691265709210157
3.313398501832985
3.890175278077986
4.3933209765044765
4.945554060143307
5.737088146692298
0.5583690067903734
0.9817477042468103
0.607456392002714
0.16566992509164924
6.240233845118788
0.006135923151542565
0.1349903093339364
0.3129320807286708
0.4908738521234052
0.5583690067903734
0.5276893910326605
0.30679615757712825
6.0991076126333095
5.773903685601553
5.4671075280244255
5.098952138931871
4.914874444385594
4.73693267299086
4.76147636559703
4.773748211900116
4.896466674930966
5.043728830567988
5.203262832508095
5.301437602932776
5.344389064993574
5.4671075280244255
5.424156065963627
5.632777453116074
5.675728915176872
5.786175531904639
5.730952223540755
5.688000761479957
5.786175531904639
5.688000761479957
5.589825991055276
5.559146375297564
5.491651220630596
5.497787143782138
5.448699758569798
5.436427912266712
5.405748296509
5.3627968344482015
5.356660911296659
5.3627968344482015
5.289165756629691
5.2768939103266055
5.2339424482658075
5.246214294568893
5.2768939103266055
5.197126909356553
5.209398755659637
5.154175447295755
5.056000676871073
4.933282213840222
4.994641445355648
5.0253210611133605
5.123495831538041
5.246214294568893
5.356660911296659
5.602097837358362
5.8045833013592665
5.9518454569962875
6.068427996875596
6.111379458936394
6.240233845118788
0.23316507975861744
0.4970097752749477
0.6933593161243098
0.30066023442558565
5.829126993965437
5.589825991055276
5.915029918087033
6.117515382087937
5.460971604872882
5.5100589900852235
6.007068765360171
0.030679615757712823
5.037592907416445
4.95168998329485
5.013049214810275
5.258486140871978
5.460971604872882
5.902758071783947
0.3190680038802134
0.7363107781851077
5.8045833013592665
5.442563835418255
5.565282298449106
0.03681553890925539
0.28838838812250056
0.2086213871524472
0.06135923151542565
6.129787228391022
5.810719224510809
5.589825991055276
5.460971604872882
5.497787143782138
5.595961914206819
5.595961914206819
5.663457068873787
5.853670686571607
5.675728915176872
5.8659425328746915
5.970253226450915
6.019340611663256
5.976389149602458
6.062292073724054
5.884350302329319
5.7616318392984684
5.602097837358362
5.5284667595398505
5.460971604872882
5.497787143782138
5.338253141842031
5.252350217720435
5.460971604872882
5.5284667595398505
5.491651220630596
5.442563835418255
5.2768939103266055
5.289165756629691
5.258486140871978
5.3627968344482015
5.448699758569798
5.4671075280244255
5.534602682691394
5.522330836388308
5.47937937432751
5.473243451175968
5.485515297479052
5.540738605842936
5.534602682691394
5.632777453116074
5.540738605842936
5.534602682691394
5.565282298449106
5.534602682691394
5.534602682691394
5.516194913236766
5.50392306693368
5.497787143782138
5.5100589900852235
5.5284667595398505
5.540738605842936
5.565282298449106
5.553010452146021
5.553010452146021
5.534602682691394
5.5100589900852235
5.497787143782138
5.546874528994478
5.522330836388308
5.583690067903734
5.50392306693368
5.485515297479052
5.522330836388308
5.491651220630596
5.546874528994478
5.5284667595398505
5.553010452146021
5.497787143782138
5.473243451175968
5.497787143782138
5.553010452146021
5.497787143782138
5.50392306693368
5.559146375297564
5.50392306693368
5.5284667595398505
5.50392306693368
5.546874528994478
5.5100589900852235
5.534602682691394
5.553010452146021
5.516194913236766
5.516194913236766
5.442563835418255
5.540738605842936
5.497787143782138
5.546874528994478
5.50392306693368
5.553010452146021
5.553010452146021
5.540738605842936
5.491651220630596
5.485515297479052
5.497787143782138
5.497787143782138
5.522330836388308
5.491651220630596
5.485515297479052
5.485515297479052
5.497787143782138
5.47937937432751
5.5100589900852235
5.565282298449106
5.516194913236766
5.534602682691394
5.485515297479052
5.485515297479052
5.522330836388308
5.491651220630596
5.5284667595398505
5.50392306693368
5.516194913236766
5.5284667595398505
5.5284667595398505
5.50392306693368
5.559146375297564
5.534602682691394
5.522330836388308
5.553010452146021
5.5100589900852235
5.5100589900852235
5.559146375297564
5.5100589900852235
5.5284667595398505
5.546874528994478
5.50392306693368
5.534602682691394
5.522330836388308
5.497787143782138
5.516194913236766
5.491651220630596
5.473243451175968
5.45483568172134
5.4671075280244255
5.497787143782138
5.4671075280244255
5.448699758569798
5.424156065963627
5.45483568172134
5.43029198911517
5.424156065963627
5.43029198911517
5.393476450205914
5.356660911296659
5.350524988145116
5.3627968344482015
5.393476450205914
5.3627968344482015
5.375068680751287
5.368932757599744
5.368932757599744
5.411884219660542
5.368932757599744
5.338253141842031
5.350524988145116
5.381204603902829
5.405748296509
5.45483568172134
5.3627968344482015
5.393476450205914
5.356660911296659
5.368932757599744
5.332117218690489
5.368932757599744
5.356660911296659
5.3627968344482015
5.356660911296659
5.344389064993574
5.356660911296659
5.350524988145116
5.332117218690489
5.387340527054372
5.350524988145116
5.411884219660542
5.338253141842031
5.399612373357457
5.350524988145116
5.393476450205914
5.344389064993574
5.368932757599744
5.338253141842031
5.399612373357457
5.3627968344482015
5.418020142812084
5.3627968344482015
5.344389064993574
5.338253141842031
5.387340527054372
5.375068680751287
5.368932757599744
5.387340527054372
5.3627968344482015
5.332117218690489
5.381204603902829
5.350524988145116
5.356660911296659
5.399612373357457
5.3627968344482015
5.344389064993574
5.375068680751287
5.3627968344482015
5.356660911296659
5.393476450205914
5.325981295538946
5.350524988145116
5.399612373357457
5.350524988145116
5.399612373357457
5.356660911296659
5.3627968344482015
5.338253141842031
5.393476450205914
5.418020142812084
5.375068680751287
5.442563835418255
5.368932757599744
5.350524988145116
5.387340527054372
5.399612373357457
5.436427912266712
5.399612373357457
5.405748296509
5.344389064993574
5.418020142812084
5.3627968344482015
5.405748296509
5.393476450205914
5.393476450205914
5.375068680751287
5.405748296509
5.411884219660542
5.418020142812084
5.399612373357457
5.344389064993574
5.368932757599744
5.418020142812084
5.418020142812084
5.411884219660542
5.418020142812084
5.356660911296659
5.399612373357457
5.399612373357457
5.368932757599744
5.436427912266712
5.43029198911517
5.368932757599744
5.375068680751287
5.405748296509
5.43029198911517
5.3627968344482015
5.393476450205914
5.375068680751287
5.405748296509
5.399612373357457
5.393476450205914
5.411884219660542
5.368932757599744
5.399612373357457
5.405748296509
5.387340527054372
5.393476450205914
5.405748296509
5.418020142812084
5.399612373357457
5.375068680751287
5.816855147662351
5.387340527054372
5.356660911296659
5.387340527054372
5.405748296509
5.375068680751287
5.399612373357457
5.411884219660542
5.436427912266712
5.3627968344482015
5.381204603902829
5.375068680751287
5.418020142812084
5.387340527054372
5.393476450205914
5.399612373357457
5.387340527054372
5.3627968344482015
5.356660911296659
5.393476450205914
5.418020142812084
5.399612373357457
5.393476450205914
5.424156065963627
5.381204603902829
5.3627968344482015
5.387340527054372
5.3627968344482015
5.411884219660542
5.368932757599744
5.3627968344482015
5.381204603902829
5.375068680751287
5.356660911296659
5.411884219660542
5.3627968344482015
5.393476450205914
5.368932757599744
5.356660911296659
5.356660911296659
5.411884219660542
5.387340527054372
5.375068680751287
