4.080388895775806
4.074252972624264
4.08652481892735
4.037437433715009
4.043573356866551
4.080388895775807
4.092660742078892
4.074252972624266
4.098796665230436
4.0435733568665535
4.049709280018095
4.049709280018096
4.055845203169639
4.117204434685064
4.0865248189273515
4.092660742078895
4.086524818927352
4.1294762809881504
4.123340357836608
4.111068511533523
4.098796665230437
4.1049325883819785
4.049709280018094
4.068117049472722
4.098796665230436
4.1049325883819785
4.154019973594318
4.141748127291233
4.098796665230436
4.147884050442777
4.135612204139693
4.141748127291235
4.15401997359432
4.104932588381979
4.160155896745861
4.080388895775809
4.074252972624268
4.055845203169641
4.0681170494727255
4.086524818927353
4.03130151056347
4.074252972624268
4.068117049472724
4.092660742078893
4.092660742078892
4.080388895775807
4.012893741108839
4.068117049472721
4.061981126321179
4.055845203169636
4.0803888957758065
4.061981126321178
4.068117049472719
4.074252972624263
4.098796665230433
4.068117049472719
4.080388895775805
4.055845203169635
4.061981126321177
4.04357335686655
4.031301510563465
4.019029664260381
4.086524818927348
4.037437433715008
4.061981126321177
3.9699422790480385
4.025165587411921
4.02516558741192
4.000621894805751
4.043573356866549
4.049709280018091
4.037437433715006
4.0497092800180905
4.055845203169634
4.061981126321175
4.061981126321176
4.043573356866548
4.055845203169635
4.080388895775805
4.049709280018091
4.043573356866549
4.086524818927347
4.104932588381974
4.037437433715006
4.0497092800180905
4.0497092800180905
4.068117049472718
4.043573356866547
4.037437433715005
4.0497092800180905
4.019029664260378
4.061981126321175
4.043573356866546
4.043573356866546
4.049709280018088
4.061981126321173
4.037437433715003
4.061981126321173
4.049709280018088
4.068117049472715
4.098796665230429
4.055845203169631
4.074252972624258
4.012893741108831
4.061981126321171
4.055845203169629
4.074252972624258
4.05584520316963
4.05584520316963
4.0435733568665455
4.006757817957291
4.068117049472717
4.000621894805748
4.086524818927344
4.068117049472717
4.086524818927344
3.9883500485026637
4.031301510563463
4.086524818927345
4.061981126321175
4.04970928001809
4.031301510563463
4.0681170494727175
4.037437433715004
4.061981126321173
4.049709280018088
4.080388895775801
4.049709280018088
4.0435733568665455
4.0865248189273435
4.049709280018089
4.049709280018089
4.0435733568665455
4.055845203169631
4.061981126321173
4.0619811263211725
4.03130151056346
4.049709280018086
4.055845203169628
4.025165587411916
4.074252972624257
4.049709280018087
4.05584520316963
4.074252972624258
4.061981126321173
4.117204434685056
4.068117049472715
4.0190296642603744
4.0435733568665455
4.055845203169631
4.092660742078886
4.141748127291227
4.068117049472717
4.037437433715004
4.043573356866547
4.061981126321174
4.09879666523043
4.055845203169633
4.080388895775803
4.074252972624261
4.098796665230431
4.0926607420788885
4.0926607420788885
4.037437433715007
4.117204434685059
4.098796665230431
4.019029664260377
4.043573356866547
4.080388895775804
4.055845203169635
4.092660742078889
4.0742529726242624
4.160155896745858
4.098796665230432
3.9883500485026646
4.049709280018089
4.098796665230431
4.086524818927345
3.994485971654207
3.957670432744952
3.939262663290324
4.098796665230431
4.178563666200483
4.246058820867451
4.227651051412823
4.141748127291227
4.141748127291228
4.098796665230429
4.123340357836599
4.080388895775801
4.1294762809881425
4.227651051412823
4.068117049472716
3.761320891895588
3.6079228131070242
3.742913122440961
3.828816046562557
3.957670432744951
4.000621894805748
3.871767508623355
3.7858645845017596
3.6324665057131953
3.7674568150471313
3.822680123411015
3.7613208918955885
3.6999616603801626
3.93312674013878
4.1233403578366
4.338097668140589
4.368777283898302
4.374913207049844
4.411728745959101
4.368777283898302
4.319689898685961
4.289010282928249
4.307418052382877
4.301282129231334
4.246058820867451
4.1294762809881425
4.061981126321174
4.006757817957291
3.93312674013878
3.8410878928656413
3.7735927381986736
3.7306412761378756
3.69382573722862
3.6570101983193646
3.632466505713194
3.6017868899554806
3.6508742751678214
3.6754179677739924
3.614058736258566
3.6017868899554806
3.558835427894682
3.515883965833884
3.4606606574700014
3.3440781175906924
3.1600004230444156
2.9022916506796275
2.632311032011754
2.3684663364954237
2.055534255766753
1.7978254834019651
1.435806017460954
1.1780972450961662
0.9265243958829212
0.8406214717613254
0.889708856973666
0.9572040116406341
0.9326603190344639
0.7915340865489848
0.5767767762449951
0.337475773334835
0.09203884727313244
-0.20862138715245315
-0.4970097752749538
-0.6994952392758584
-0.9387962421860188
-1.0983302441261253
-1.2271846303085194
-1.3069516312785723
-1.3192234775816578
-1.2517283229146896
-1.2333205534600618
-1.1596894756415512
-1.135145783035381
-1.1780972450961782
-1.2333205534600618
-1.3621749396424558
-1.4051264017032539
-1.4664856332186789
-1.509437095279477
-1.6014759425526153
-1.8346410223112333
-2.1966604882522445
-2.6445828783148517
-3.3195344249845338
-4.055845203169641
-5.086680292628792
-6.142059074694113
-6.896777622333848
-7.369243705002625
-7.792622402459062
-8.332583639794809
-9.068894417979916
-9.989282890711301
-10.768545130957207
-11.412817061869177
-11.774836527810189
-12.06322491593269
-12.241166687327423
-12.4252443818737
-12.572506537510721
-12.707496846844657
-12.854759002481678
-12.774992001511624
-12.52955507544992
-12.210487071569707
-11.873011298234866
-11.541671448051568
-11.112156827443588
-10.885127670836514
-10.78081697726029
-10.480156742834705
-10.099729507439065
-9.934059582347416
-10.056778045378268
-10.381981972410024
-10.87285582453343
-11.290098598838323
-11.112156827443588
-10.412661588167737
-9.995418813862841
-9.87270035083199
-9.87883627398353
-9.983146967559755
-10.136545046348319
-10.345166433500767
-10.5231082048955
-10.71332182259332
-10.817632516169542
-10.989438364412734
-11.173516058959011
-11.296234521989863
-11.535535524900023
-11.799380220416353
-12.265710379933589
-12.805671617269335
-13.357904700908165
-13.904001861395454
-14.437827175579656
-14.75689517945987
-14.861205873036091
-15.082099106491624
-15.585244804918114
-16.425866276679443
-17.383070288320084
-18.46912868614312
-19.93561431936179
-20.98485717827557
-21.622993186035995
-22.291808809554134
-23.16924582022472
-24.163265370774617
-24.91798391841435
-25.666566542902544
-25.96722677732813
-26.169712241329034
-26.34765401272377
-26.464236552603076
-26.292430704359887
-25.9917704699343
-25.126605305566798
-23.960779906773713
-22.83177004688988
-22.254993270644878
-21.51868249245977
-20.10742016760498
-18.567303456567796
-17.38307028832008
-16.106798272799228
-15.388895264068747
-15.260040877886352
-15.143458338007044
-14.805982564672203
-14.456234945034275
-14.045128093880923
-13.560390164909059
-13.038836697027941
-12.50501138284374
-12.155263763205813
-11.793244297264803
-11.553943294354642
-11.412817061869163
-11.308506368292939
-11.228739367322884
-11.112156827443576
-11.032389826473523
-11.00171021071581
-10.903535440291128
-10.8851276708365
-10.878991747684957
-10.940350979200382
-11.081477211685861
-11.38827336926299
-11.805516143567884
-12.560234691207619
-13.222914391574214
-13.726060090000706
-14.075807709638632
-14.266021327336453
-14.333516482003422
-14.364196097761134
-14.443963098731189
-14.842798103581455
-15.62206034382736
-16.616079894377258
-17.536468367108643
-18.321866530506092
-18.996818077175774
-19.65949777754237
-20.230138630635828
-20.72101248275923
-21.113711564457958
-21.52481841561131
-22.0709155760986
-22.81336227743525
-23.05266328034541
-22.831770046889876
-22.524973889312747
-21.97887672882546
-21.598449493429822
-21.21188633488264
-20.88054648469934
-20.512391095606787
-19.831303625785562
-18.806604459477953
-17.88621598674657
-17.076274130742952
-16.186565273769283
-15.370487494614121
-15.08209910649162
-15.069827260188536
-15.045283567582365
-14.904157335096885
-14.732351486853695
-14.548273792307416
-14.315108712548799
-14.057399940184013
-13.713788243697628
-13.272001776786563
-12.842487156178585
-12.412972535570606
-12.167535609508905
-11.952778299204914
-11.82392391302252
-11.750292835204009
-11.621438449021616
-11.504855909142307
-11.44349667762688
-11.39440929241454
-11.480312216536136
-11.830059836174064
-12.400700689267522
-13.026564850724863
-13.584933857515235
-13.983768862365501
-14.327380558851885
-14.585089331216672
-14.75075925630832
-14.76916702576295
-14.818254410975289
-15.094370952794705
-15.63433219013045
-16.44427404613407
-17.376934365168538
-18.29732283789992
-19.23611908008593
-20.033789089786467
-20.653517328092263
-21.175070795973383
-21.757983495369928
-22.402255426281897
-23.549673055620357
-24.715498454413442
-25.310683000113073
-25.52544031041706
-25.635886927144824
-25.64815877344791
-25.43340146314392
-25.132741228718334
-24.47006152835174
-23.930100291015993
-23.27969243695248
-22.831770046889872
-22.53724573561583
-22.261129193796414
-21.739575725915298
-21.181206719124923
-20.438760017788272
-19.62268223863311
-19.168623925418963
-18.794332613174866
-18.56116753341625
-18.370953915718427
-18.309594684203002
-18.242099529536034
-18.16233252856598
-18.131652912808267
-18.076429604444385
-18.058021834989756
-18.058021834989756
-18.09483737389901
-18.15619660541444
-18.27891506844529
-18.42004130093077
-18.622526764931674
-18.80660445947795
-19.06431323184274
-19.322022004207525
-19.45087639038992
-19.57359485342077
-19.653361854390823
-19.610410392330024
-19.57359485342077
-19.542915237663056
-19.5060996987538
-19.49996377560226
-19.487691929299174
-19.475420082996088
-19.524507468208427
-19.51223562190534
-19.641090008087733
-19.622682238633104
-19.65949777754236
-19.64109000808773
-19.671769623845442
-19.702449239603155
-19.776080317421666
-19.855847318391717
-19.92947839621023
-19.990837627725654
-20.015381320331823
-19.98470170457411
-20.07674055184725
-20.058332782392622
-20.181051245423472
-20.16877939912039
-20.230138630635814
-20.046060936089535
-19.904934703604056
-19.904934703604056
-19.929478396210225
-19.978565781422567
-20.021517243483366
-20.015381320331823
-20.00310947402874
-19.97856578142257
-19.892662857300976
-19.85584731839172
-19.819031779482465
-19.861983241543264
-19.88039101099789
-19.72085700905778
-19.585866699723844
-19.592002622875388
-19.64722593123927
-19.708585162754694
-19.93561431936177
-20.05219685924108
-20.181051245423472
-20.181051245423472
-19.98470170457411
-19.904934703604056
-19.880391010997887
-19.904934703604056
-19.94175024251331
-19.954022088816394
-19.978565781422564
-20.00924539718028
-20.06446870554416
-20.199459014878098
-20.29763378530278
-20.25468232324198
-20.199459014878094
-20.187187168575008
-20.04606093608953
-20.107420167604957
-20.1135560907565
-20.107420167604957
-19.87425508784634
-19.85584731839171
-19.843575472088624
-19.89879878045251
-19.990837627725647
-20.11969201390804
-20.113556090756497
-20.02151724348336
-19.947886165664848
-20.009245397180273
-20.138099783362666
-20.352857093666657
-20.21786678433272
-19.97242985827102
-19.984701704574107
-20.13196386021113
-20.168779399120385
-20.187187168575015
-20.236274553787354
-20.24854640009044
-20.12582793705959
-20.02765316663491
-20.11969201390805
-20.211730861181188
-20.230138630635814
-20.174915322271932
-20.12582793705959
-20.12582793705959
-20.119692013908047
-20.12582793705959
-20.113556090756504
-20.144235706514216
-20.15037162966576
-20.1994590148781
-20.205594938029645
-20.174915322271932
-20.156507552817303
-20.162643475968846
-20.10128424445342
-20.08287647499879
-20.039925012937992
-20.021517243483363
-19.972429858271024
-19.929478396210225
-19.996973550877193
-19.99083762772565
-20.08901239815033
-20.027653166634906
-20.03378908978645
