4.571262747899209
4.632621979414634
4.589670517353837
4.583534594202294
4.651029748869262
4.632621979414634
4.6203501331115495
4.571262747899209
4.6203501331115495
4.6203501331115495
4.571262747899209
4.589670517353837
4.571262747899209
4.5344472089899535
4.558990901596123
4.55285497844458
4.571262747899207
4.620350133111548
4.614214209960006
4.6387579025661765
4.614214209960006
4.626486056263092
4.589670517353838
4.59580644050538
4.626486056263094
4.571262747899212
4.6264860562630945
4.577398671050755
4.552854978444584
4.61421420996001
4.577398671050753
4.614214209960009
4.638757902566178
4.614214209960008
4.614214209960009
4.614214209960009
4.5835345942022965
4.61421420996001
4.657165672020808
4.6264860562630945
4.657165672020808
4.61421420996001
4.620350133111552
4.552854978444585
4.546719055293042
4.528311285838415
4.503767593232244
4.528311285838414
4.571262747899212
4.5651268247476695
4.558990901596126
4.595806440505381
4.540583132141498
4.5221753626868715
4.5405831321414984
4.454680208019903
4.448544284868361
4.47308797747453
4.552854978444584
4.47308797747453
4.368777283898307
4.381049130201391
4.35650543759522
4.436272438565274
4.485359823777615
4.577398671050754
4.466952054322988
4.344233591292137
4.362641360746764
4.522175362686871
4.61421420996001
4.595806440505383
4.614214209960011
4.730796749839319
4.7737482119001164
4.7860200582032
4.638757902566179
4.558990901596126
4.552854978444584
4.522175362686872
4.595806440505384
4.601942363656926
4.68170936462698
4.816699673960917
4.84737928971863
4.804427827657831
4.6571656720208106
4.761476365597033
4.847379289718628
4.8596511360217125
4.743068596142403
4.71238898038469
4.8596511360217125
5.006913291658733
5.019185137961817
5.086680292628786
5.1971269093565535
5.4057482965090005
5.485515297479054
5.608233760509906
5.534602682691396
5.460971604872884
5.411884219660544
5.233942448265808
4.982369599052564
4.632621979414639
4.387185053352938
4.2521947440189996
4.233786974564373
4.03743743371501
3.902447124381074
3.865631585471819
3.6999616603801697
3.6631461214709145
3.6692820446224577
3.7429131224409686
3.841087892865649
4.12947628098815
4.387185053352938
4.798291904506288
5.080544369477245
5.111223985234959
4.914874444385597
4.75534044244549
4.503767593232246
4.239922897715915
3.798136430804851
3.4422528880153815
3.1415926535897962
2.8900198043765517
2.515728492132455
2.012582793705965
1.3008157081270277
0.6504078540635159
0.12271846303085532
-0.32520392703175105
-0.4479223900626028
-0.5031456984264855
-0.4111068511533471
-0.2147573103039857
0.06749515466697265
0.41724277430489887
0.8038059328520805
1.2640001692177725
1.8960002538266567
2.5770877236478813
3.466796580621553
4.2767384366251715
5.184855063053471
6.019340611663258
6.602253311059802
7.258797088274857
8.111690406339275
9.265243958829277
10.584467436410929
11.922098683447206
13.204506622119602
14.173982480063328
15.125050568552426
16.112934195950782
17.315575133653123
18.63479861123477
19.861983241543285
21.07076010239717
22.304080655857227
23.51285751671111
24.832080994292763
26.151304471874415
27.274178408606705
28.39705234533899
29.329712664373464
30.3728196001357
31.40365468959485
32.31177131602315
33.170800557239104
34.1218686457282
35.060664887914214
35.95650966803943
36.89530591022544
37.98136430804847
38.98765570490145
39.78532571460198
40.533908339090175
41.061597730122834
41.48497642757927
41.81018035461103
42.0372095112181
42.178335743703585
42.24583089837055
42.27651051412826
42.27651051412826
42.22742312891592
42.1660638974005
42.00039397230885
41.76722889255023
41.423617196063844
41.018646268062035
40.50322872333246
39.969403409148256
39.31285963193321
38.693131393627404
38.01817984695772
37.21437391410565
36.40443205810203
35.5638105863407
34.77227649979171
33.92551910487883
33.1708005572391
32.489713087417876
31.839305233354363
30.912780837471438
29.851266132254576
28.722256272370746
27.39689687163755
26.26175108860218
24.954799457323613
23.617168210287335
22.279536963251054
20.77009986797158
19.420196774632217
18.002798526625885
16.73879835740812
15.437982649281095
14.345788328306519
13.376312470362793
12.333205534600559
11.241011213625981
10.056778045378266
8.958447801252149
7.749670940398263
6.731107697242198
6.0070687653601755
5.240078371417355
3.926990816987246
2.4052818754046896
0.8774370106705911
-0.3374757733348366
-1.3744467859455298
-2.3807381827985106
-3.307262578681438
-4.17242774304894
-5.2032628325080905
-6.160466844148731
-7.105399009486286
-7.7926224024590525
-8.449166179674108
-8.878680800282087
-9.1977488041623
-9.467729422830173
-9.633399347921824
-9.823612965619644
-9.946331428650495
-10.013826583317464
-10.087457661135975
-10.087457661135975
-9.688622656285709
-9.9033799665897
-9.749981887801136
-9.510680884890975
-9.222292496768475
-8.890952646585177
-8.535069103795708
-8.166913714703155
-7.7435350172467174
-7.289476704032568
-6.810874698212248
-6.2279619988157044
-5.663457068873788
-4.976233675901021
-3.650874275167827
-2.098485717827559
-0.5338253141842046
0.4295146206079785
1.6873788666742042
3.2152237314083028
5.098952138931869
6.277049384028043
7.1299427020924595
8.001243789611504
8.946175954949059
10.032234352772093
11.228739367322893
12.523419152298375
13.63402124272758
14.646448562732104
15.677283652191255
16.800157588923543
18.13778883595982
19.59200262287541
21.046216409790997
22.408391349433447
23.598760440832702
24.758449916474248
25.96109085417659
27.63006195139617
28.955421352129363
30.05375159625548
31.041635223653834
32.004975158446015
33.06035394051134
34.22617933930442
35.34905327603671
36.300121364525815
37.0916554510748
37.809558459805274
38.45996631386879
39.07355862902305
39.699422790480384
40.3927821066047
41.03705403751667
41.613830813761666
42.135384281642786
42.72443290419087
43.20917083316273
43.66322914637688
44.111151536439486
44.49157877183512
44.85359823777613
45.14812254905018
45.38742355196034
45.55309347705199
45.6696760169313
45.694219709537464
45.6696760169313
45.528549784445815
45.289248781535655
45.06835554808012
44.74928754419991
44.48544284868358
44.240005922621876
43.98843307340863
43.65095730007379
43.14167567849576
42.515811517038415
41.80404443145948
41.00637442175895
40.12893741108836
39.306723708781654
38.490645929626496
37.68070407362288
36.643733061012185
35.69266497252308
34.4409366496084
33.152392787784464
32.1767810066892
31.250256610806268
30.434178831651103
29.519926282071264
28.53204265467291
27.341673563273655
25.97336270047966
24.482333374654818
23.089478819254655
21.653672801793697
20.236274553787364
18.499808301900817
17.131497439106827
16.051574964435336
15.180273876916292
14.560545638610494
13.983768862365492
13.100195928543362
12.228894841024317
11.302370445141388
10.40038974186463
9.516816808042503
8.185321484157765
6.504078540635102
5.141903600992652
4.1356122041396715
3.2949907323783405
2.362330413343871
0.9449321653375384
-1.4848934026733165
-2.9575149590435323
-3.9392626632903425
-4.608078286808482
-5.34438906499359
-6.178874613603378
-7.1115349326378485
-8.099418560036202
-8.90936041603982
-9.737710041498067
-10.388117895561578
-11.136700520049772
-12.100040454841954
-13.86105039933467
-15.72637103740361
-16.97196343716675
-18.015070372928985
-19.09499284760048
-20.236274553787396
-21.500274723005166
-22.653828275495165
-23.561944901923464
-24.310527526411654
-24.86889653320203
-25.408857770537775
-25.97336270047969
-26.69126570921017
-27.832547415397087
-29.194722355039538
-30.201013751892518
-30.869829375410657
-31.47728576741337
-31.95588777323369
-32.655383012509546
-30.133518597225553
-30.906644914319916
-31.262528457109386
-31.550916845231885
-30.563033217833528
-30.66120798825821
-30.765518681834433
-30.845285682804487
-31.004819684744593
-31.078450762563104
-31.047771146805392
-31.13980999407853
-31.109130378320817
-30.955732299532254
-30.955732299532254
-30.814606067046775
-30.75938275868289
-30.56916914098507
-30.360547753832623
-29.710139899769114
-29.035188353099436
-28.384780499035926
-27.89390664691252
-27.48893571891071
-27.139188099272786
-27.065557021454275
-26.654450170300922
-25.758605390175706
-24.488469297806397
-23.881012905803683
-23.758294442772833
-23.617168210287353
-23.39013905368028
-22.91153704785996
-22.334760271614957
-21.690488340702988
-21.138255257064156
-20.849866868941657
-20.579886250273784
-20.2362745537874
-19.923342473058728
-19.438604544086864
-18.85569184469032
-18.125516989656752
-17.389206211471645
-16.603808048074196
-15.977943886616854
-15.456390418735737
-14.922565104551532
-14.425555329276584
-13.989904785517062
-13.615613473272965
-13.063380389634133
-12.633865769026155
-12.155263763205834
-11.817787989870993
-11.54780737120312
-11.167380135807482
-10.682642206835618
-10.253127586227638
-9.78066150355886
-9.30205949773854
-8.909360416039815
-8.590292412159602
-8.32031179349173
-8.13009817579391
-7.9214767886414625
-7.768078709852898
-7.614680631064334
-7.4367388596696
-7.320156319790291
-7.086991240031674
-6.915185391788482
-6.737243620393747
-6.5715736953020985
-6.47953484802896
-6.344544538695024
-6.185010536754916
-6.037748381117894
-5.865942532874702
-5.694136684631511
-5.467107528024436
-5.3259812955389565
-5.154175447295765
-5.006913291658743
-4.835107443415552
-4.700117134081616
-4.5896705173538495
-4.436272438565286
-4.32582582183752
-4.221515128261296
-4.080388895775817
-3.945398586441881
-3.87176750862337
-3.957670432744966
-4.141748127291242
-4.270602513473636
-4.577398671050764
-4.7369326729908705
-4.921010367537147
-5.037592907416456
-5.148039524144222
-5.252350217720446
-5.35666091129667
-5.6450492994191706
-6.0868357663302355
-6.884505776030769
-7.86625348027758
-8.602564258462687
-9.142525495798433
-9.608855655315667
-10.038370275923647
-10.443341203925456
-10.977166518109659
-11.55394329435466
-12.167535609508917
-12.81794346357243
-13.302681392544294
-13.627885319576048
-13.824234860425411
-13.971497016062433
-14.045128093880942
-14.020584401274771
-13.82423486042541
-13.652429012182218
-13.406992086120514
-13.186098852664983
-13.03270077387642
-12.7995356941178
-12.713632769996206
-12.517283229146845
-12.597050230116897
-12.419108458722164
-12.106176377993492
-11.67052583423397
-11.222603444171364
-10.682642206835617
-10.112001353742158
-9.332739113496253
-8.473709872280294
-7.4980980911850255
-6.651340696272151
-5.853670686571618
-4.884194828627893
-3.890175278077998
-2.521864415284006
-0.9817477042468226
0.4786020058203082
1.7855536370988745
3.0495538063166427
4.399456899656006
5.614369683661434
6.682020312029841
7.651496169973565
8.805049722463567
10.093593584287506
11.621438449021603
9.007535186464471
10.27153535568224
7.18516601045633
8.387806948158671
9.216156573616917
10.210176124166814
11.198059751565168
12.265710379933575
13.28427362308964
14.229205788427194
15.24776903158326
16.08839050334459
16.652895433286506
17.266487748440763
17.788041216321883
18.229827683232948
18.56116753341625
18.81887630578104
18.978410307721145
18.996818077175774
18.978410307721145
18.84955592153875
18.69615784275019
18.4814005324462
18.235963606384498
17.910759679352743
17.646914983836414
17.27262367159232
16.93514789825748
16.616079894377265
16.19883712007237
15.787730268919018
15.364351571462583
14.996196182370031
14.597361177519765
14.100351402244819
13.658564935333754
13.198370698968063
12.621593922723061
11.995729761265721
11.308506368292953
10.645826667926357
9.921787736044333
8.848001184524385
7.706719478337469
6.565437772150553
5.387340527054381
4.2890102829282615
3.35021404074225
2.4911847995262906
1.7241944055834697
1.1106020904292133
0.5583690067903824
0.05522330836389211
-0.4540583132141398
-0.9387962421860028
-1.3560390164908966
-1.7978254834019616
-2.184388641949143
-2.5770877236478675
-3.074097498922815
-3.706097583531699
-4.2828743597767005
-4.779884135051648
-5.215534678811171
-5.681864838328405
-6.1359231515425545
-6.657476619423673
-7.2097097030625035
-7.811030171913675
-8.479845795431814
-9.111845880040697
-9.49840903858788
-9.884972197135061
-10.09359358428751
-10.345166433500754
-10.52310820489549
-10.95262282550347
-11.62143844902161
-12.474331767086026
-13.167691083210336
-13.58493385751523
-13.87332224563773
-14.106487325396348
-14.216933942124113
-14.37646794406422
-14.560545638610497
-14.64031263958055
-14.738487410005233
-14.824390334126829
-14.867341796187628
-14.879613642490712
-14.89802141194534
-14.885749565642255
-14.855069949884543
-14.87347771933917
-14.910293258248426
-14.904157335096885
-14.867341796187631
-14.873477719339174
-14.879613642490717
-14.81825441097529
-14.818254410975293
-14.922565104551516
-15.045283567582366
-15.10050687594625
-15.241633108431728
-15.198681646370929
-15.106642799097791
-15.161866107461673
-15.278448647340984
-15.41343895667492
-15.487070034493431
-15.677283652191251
-15.885905039343697
-15.977943886616835
-15.94112834770758
-15.928856501404494
-16.0883905033446
-16.419730353527896
-16.72039058795348
-16.965827514015185
-17.174448901167633
-17.395342134623164
-17.665322753291036
-18.027342219232047
-18.55503161026471
-19.18089577172205
-20.003109474028754
-20.733284329062318
-21.776391264824554
-23.24901282119477
-24.39643045053323
-24.4639256052002
-24.623459607140305
-24.85048876374738
-24.789129532231954
-24.666411069201104
-24.690954761807273
-24.623459607140305
-24.746178070171155
-24.813673224838123
-24.84435284059584
-25.212508229688392
-25.095925689809082
-25.02229461199057
-24.936391687868976
-25.08978976665754
-25.046838304596744
-25.06524607405137
-25.034566458293657
-25.0407023814452
-24.94252761102052
-25.059110150899826
-24.979343149929775
-24.954799457323602
-24.973207226778232
-25.010022765687488
-25.02229461199057
-25.028430535142114
-25.126605305566795
-25.08978976665754
-25.095925689809082
-24.905712072111264
-24.985479073081315
-25.175692690779137
-25.255459691749188
-25.42726553999238
-25.3290907695677
-25.212508229688392
-25.077517920354456
-24.94252761102052
-25.052974227748283
-25.028430535142114
-24.96707130362669
-24.973207226778232
-25.26159561490073
-25.249323768597645
-25.083653843505992
-25.00388684253594
-25.034566458293654
-25.04683830459674
-25.120469382415248
-25.016158688839024
-25.04683830459674
-24.782993609080407
-24.997750919384398
-24.98547907308131
-24.97320722677823
-25.15114899817296
-25.034566458293654
-25.083653843505992
-25.022294611990567
-24.991614996232855
-24.911847995262804
-25.059110150899823
-25.059110150899823
-25.083653843505992
-25.059110150899823
-25.157284921324504
-25.022294611990567
-25.034566458293654
-25.175692690779133
-24.960935380475142
-25.034566458293654
-25.163420844476047
-25.132741228718334
-25.108197536112165
-25.14501307502142
-25.24932376859764
-25.230915999143015
-25.16955676762759
-25.108197536112165
-25.083653843505992
-25.175692690779133
-25.14501307502142
-25.132741228718334
-25.05297422774828
-25.114333459263708
-25.089789766657535
-25.10206161296062
-25.089789766657535
-25.016158688839024
-25.059110150899823
-25.09592568980908
-24.967071303626685
-25.077517920354452
-25.065246074051366
-24.98547907308131
-25.010022765687484
-25.12660530556679
-25.00388684253594
-25.077517920354452
-25.15114899817296
-25.102061612960618
-25.071381997202906
-25.21864415283993
-25.194100460233756
-25.151148998172957
-25.040702381445193
-25.138877151869874
