1.0308350894591507
1.0246991663076082
1.0553787820653209
1.0369710126106932
1.0431069357622358
1.0246991663076082
1.0860583978230338
1.0553787820653207
1.0799224746714908
1.092194320974576
1.0431069357622353
1.0431069357622351
1.104466167277661
1.036971012610693
1.0921943209745761
1.0799224746714906
1.0799224746714904
1.0983302441261182
1.0615147052168625
1.0062913968529796
1.0246991663076075
1.0001554737014369
1.0308350894591496
1.0676506283684049
1.0431069357622347
1.0062913968529794
1.024699166307607
1.0001554737014369
1.0246991663076073
1.0492428589137772
1.024699166307607
0.9940195505498941
0.9940195505498941
0.981747704246809
0.9756117810952665
0.9633399347921814
0.9510680884890964
0.9756117810952666
1.0062913968529794
0.9878836273983518
1.0369710126106924
0.9694758579437239
1.0369710126106921
0.9449321653375538
0.9510680884890962
0.9633399347921813
0.9510680884890962
0.8958447801252131
0.9633399347921813
0.9817477042468089
0.981747704246809
0.9940195505498941
0.9572040116406388
0.9940195505498942
0.981747704246809
1.0369710126106921
1.05537878206532
1.0615147052168625
0.9817477042468095
0.9817477042468095
1.000155473701437
1.0431069357622351
1.1351457830353735
1.1106020904292033
1.2149127840054272
1.159689475641544
1.1535535524900011
1.196505014550799
1.1474176293384584
1.1658253987930862
1.1658253987930864
1.1106020904292033
1.1780972450961715
1.0676506283684053
1.0431069357622351
1.0799224746714904
1.0246991663076077
1.0737865515199483
1.1228739367322886
1.2026409377023421
1.2394564766115974
1.2824079386723957
1.288543861823938
1.3008157081270233
1.2455923997631402
1.1535535524900018
0.9940195505498948
0.9081166264282989
0.9326603190344691
0.9572040116406395
1.0860583978230336
1.3376312470362786
1.527844864734098
1.6996507129772898
1.69965071297729
1.613747788855694
1.558524480491811
1.5339807878856404
1.5462526341887257
1.6014759425526086
1.4480778637640446
1.5523885573402683
1.583068173097981
1.3621749396424487
0.9756117810952671
0.8038059328520752
2.2764274892222907
1.9757672547967053
1.8039614065535137
1.840776945462769
1.619883712007237
1.374446785945534
1.1351457830353737
1.147417629338459
1.2394564766115976
1.5217089415825555
1.3867186322486191
1.1167380135807463
1.0983302441261185
1.1535535524900018
1.0860583978230336
0.9265243958829266
0.6013204688511706
0.42951462060797874
0.4356505437595214
0.49087385212340445
0.6135923151542558
0.8344855486097883
1.0983302441261185
1.092194320974576
1.1780972450961718
1.1412817061869163
1.0799224746714906
1.0124273200045222
1.0062913968529799
1.0124273200045224
1.0860583978230336
1.0799224746714908
1.0369710126106932
1.227184630308513
1.3560390164909066
1.546252634188726
1.558524480491811
1.632155558310322
1.7241944055834602
1.6505633277649496
1.619883712007237
1.4726215563702152
1.3989904785517044
1.2394564766115976
0.9449321653375546
0.6258641614573411
0.5031456984264898
0.4356505437595216
0.16566992509164874
0.012271846303084644
-0.171805848243193
-0.2577087723647882
-0.22702915660707568
-0.1656699250916498
-0.030679615757713385
0.04295146206079714
0.171805848243191
0.2515728492132443
0.21475731030398892
0.23930100291015916
0.23930100291015918
0.30066023442558487
0.3190680038802126
0.30066023442558487
0.30066023442558487
0.3436116964863828
0.3252039270317551
0.3436116964863828
0.368155389092553
0.36815538909255296
0.39269908169872325
0.3742913122440956
0.34361169648638273
0.3620194659410105
0.31293208072866996
0.31293208072867
0.31906800388021256
0.3436116964863828
0.3252039270317551
0.3190680038802125
0.3497476196379252
0.33133985018329754
0.3497476196379252
0.37429131224409556
0.34361169648638273
0.35588354278946793
0.38042723539563816
0.3620194659410105
0.39269908169872336
0.4417864669110638
0.4847379289718618
0.5154175447295747
0.4908738521234044
0.5092816215780321
0.5767767762450002
0.6013204688511704
0.7056311624273941
0.7547185476397344
0.8713010875190433
0.859029241215958
0.9142525495798413
0.9265243958829263
0.9510680884890965
1.000155473701437
1.0492428589137774
1.067650628368405
1.0983302441261178
1.165825398793086
1.196505014550799
1.2946797849754803
1.3621749396424485
1.4112623248547893
1.5523885573402683
1.638291481461864
1.705786636128832
1.7610099444927152
1.7916895602504277
1.8530487917658534
1.859184714917396
1.9205439464328216
1.957359485342077
2.0125827937059597
2.092349794676013
2.1291653335852683
2.233476027161492
2.3193789512830887
2.4236896448593126
2.5157284921324505
2.570951800496333
2.662990647769471
2.705942109830269
2.767301341345695
2.810252803406493
2.877747958073461
2.9575149590435146
3.074097498922823
3.1231848841351635
3.2274955777113874
3.3318062712876113
3.4054373491061223
3.5281558121369736
3.644738352016283
3.718369429834794
3.8288160465625602
3.884039354926443
3.9699422790480394
3.982214125351124
4.037437433715008
4.043573356866551
4.061981126321178
4.117204434685061
4.178563666200487
4.282874359776712
4.344233591292137
4.436272438565275
4.552854978444583
4.693981210930061
4.816699673960912
4.988505522204102
5.203262832508092
5.3566609112966574
5.5652822984491035
5.743224069843838
5.810719224510805
5.908893994935486
5.970253226450911
6.031612457966337
6.092971689481763
6.227961998815698
6.3997678470588895
6.504078540635113
6.63906884996905
6.540894079544369
6.596117387908253
6.620661080514423
6.645204773120593
6.712699927787561
6.786331005606072
6.792466928757615
6.884505776030753
6.859962083424583
7.0133601622131465
6.976544623303891
7.172894164153253
8.179185561006234
8.07487486743001
7.424467013366497
6.878369852879209
6.430447462816602
6.019340611663251
5.724816300389208
5.620505606812985
5.467107528024423
5.448699758569794
5.307573526084316
5.283029833478146
5.418020142812082
5.33825314184203
5.491651220630594
5.773903685601551
6.074563920027138
6.3077289997857555
6.51021446378666
6.651340696272139
6.669748465726767
6.620661080514426
6.4979426174835755
6.547030002695916
6.5593018489990005
6.48567077118049
6.5163503869382025
6.4549911554227775
6.51021446378666
6.565437772150544
6.608389234211342
6.614525157362884
6.632932926817512
6.614525157362884
6.682020312029852
6.7495154666968205
6.755651389848363
6.804738775060703
6.8354183908184165
6.921321314940012
6.988816469606981
7.056311624273949
7.056311624273949
7.234253395668684
7.350835935547994
7.4306029365180475
7.5103699374881
7.657632093125122
7.700583555185921
7.823302018216772
7.878525326580656
7.927612711792997
7.958292327550709
7.976700097005336
7.964428250702252
7.927612711792997
7.896933096035284
7.835573864519859
7.706719478337465
7.6453602468220385
7.565593245851985
7.4980980911850175
7.375379628154166
7.271068934577941
7.240389318820228
7.142214548395548
7.044039777970867
6.976544623303899
6.915185391788473
6.866098006576133
6.798602851909164
6.6758843888783135
6.620661080514431
6.5715736953020905
6.4243115396650685
6.369088231301186
6.258641614573419
6.1727386904518236
6.031612457966346
5.878214379177782
5.853670686571611
5.786175531904644
5.8168551476623565
5.780039608753101
5.810719224510812
5.878214379177781
5.755495916146929
5.737088146692303
5.718680377237674
5.755495916146928
5.890486225480865
6.074563920027144
6.209554229361081
6.080699843178688
5.945709533844752
5.970253226450922
6.019340611663263
6.0316124579663475
6.068427996875602
5.982525072754007
5.890486225480867
5.786175531904645
5.6511852225707075
5.528466759539856
5.3505249881451205
5.0130492148102785
4.779884135051661
4.374913207049852
4.123340357836607
4.0865248189273515
4.1294762809881504
4.184699589352033
4.147884050442778
3.9822141253511285
3.749049045592511
3.5220198889854366
3.3072625786814465
3.031146036862031
2.8470683423157537
2.6691265709210192
2.491184799526285
2.307107104980008
2.1475731030399006
1.975767254796709
1.8285050991596874
1.6751070203711236
1.5155730184310168
1.3314953238847398
1.171961321944633
1.0799224746714946
0.9817477042468137
0.8528933180644198
0.7853981633974516
0.6688156235181428
0.5460971604872917
0.5154175447295789
0.49700977527495116
0.4356505437595256
0.38042723539564244
0.3926990816987275
0.37429131224409984
0.4417864669110681
0.4663301595172383
0.5338253141842064
0.5338253141842064
0.6013204688511746
0.6135923151542599
0.6688156235181429
0.6749515466696856
0.7056311624273984
0.7547185476397389
0.7363107781851111
0.7424467013366538
0.7608544707912815
0.7792622402459092
0.7915340865489944
0.7669903939428242
0.8222137023067074
0.8835729338221331
0.9449321653375587
1.0615147052168674
1.1167380135807503
1.2394564766116016
1.417398248006336
1.5278448647341019
1.6751070203711236
1.8530487917658578
2.018718716857507
2.1414371798883582
2.33778672073772
2.4420974143139444
2.5218644152839973
2.6384469551633054
2.761165418194157
2.9022916506796363
3.074097498922828
3.27044703977219
3.454524734318467
3.675417967774
3.8779034317749046
4.092660742078894
4.252194744019001
4.503767593232247
4.755340442445491
4.9700977527494805
5.148039524144214
5.319845372387407
5.485515297479056
5.608233760509908
5.810719224510812
5.945709533844749
6.062292073724057
6.227961998815706
6.3997678470588975
6.614525157362888
6.66974846572677
6.804738775060707
6.88450577603076
7.09926308633475
7.228117472517144
7.301748550335654
7.436738859669591
7.424467013366504
7.584001015306611
7.669903939428206
7.7619427867013435
7.847845710822939
7.872389403429108
7.988971943308417
8.11782632949081
8.252816638824747
8.443030256522567
8.61483610476576
8.786641953008951
8.85413710767592
8.9523118781006
9.038214802222196
9.277515805132357
9.369554652405494
9.203884727313845
9.185476957859217
9.02594295591911
8.890952646585173
8.774370106705863
8.651651643675013
8.510525411189533
8.436894333371022
8.289632177734
8.197593330460862
8.056467097975382
7.93374863494453
7.88466124973219
7.780350556155966
7.657632093125115
7.688311708882828
7.571729169003518
7.412195167063411
7.393787397608783
7.295612627184102
7.240389318820219
7.080855316880112
6.915185391788462
6.737243620393728
6.553165925847451
6.344544538695004
6.037748381117876
5.841398840268513
5.62050560681298
5.368932757599735
5.105088062083405
4.890330751779416
4.663301595172341
4.399456899656011
4.215379205109735
4.031301510563458
3.8042723539563825
3.638602428864733
3.5097480426823395
3.29499073237835
3.160000423044414
2.9636508821950516
2.7918450339518595
2.620039185708668
2.509592568980901
2.3930100291015917
2.2580197197676557
2.141437179888347
2.0616701789182943
2.0125827937059535
2.030990563160581
2.0432624094636656
2.0555342557667506
2.0616701789182934
2.0739420252213785
2.0862138715244636
2.0678061020698353
2.0678061020698353
2.018718716857495
2.0125827937059517
2.00644687055441
2.0187187168574954
2.000310947402867
2.000310947402867
2.0248546400090373
2.0064468705544094
2.024854640009037
2.018718716857494
2.0125827937059517
1.9696313316451541
1.9573594853420693
1.9389517158874419
1.9328157927358993
1.9389517158874419
1.9512235621905272
1.9880391010997824
1.9757672547966973
2.0187187168574954
2.037126486312123
2.0555342557667506
2.1107575641306338
2.123029410433719
2.1475731030398886
2.116893487282176
2.0432624094636656
2.0493983326152083
2.0003109474028675
1.9819031779482401
2.043262409463666
2.1598449493429746
2.2825634123738254
2.350058567040794
2.478912953223188
2.8900198043765406
3.202951885105211
2.6384469551632956
2.3377867207377094
1.748738098189624
1.5585244804918044
1.6812429435226557
1.8223691760081344
2.1168934872821774
2.3991459522531353
2.4175537217077627
1.8530487917658474
1.5707963267948895
1.9512235621905285
2.2948352586769127
2.1107575641306355
1.5892040962495173
1.5646604036433474
1.325359400733187
1.2087768608538783
2.067806102069837
2.2089323345553167
2.2641556429192
2.043262409463667
1.9573594853420708
1.8162332528565919
1.7610099444927085
1.675107020371113
1.6812429435226555
1.773281790795794
1.9082721001297305
2.0923497946760072
1.9512235621905285
1.773281790795794
1.5830681730979745
1.4910293258248362
1.509437095279464
1.5830681730979748
1.6321555583103153
1.5707963267948897
1.7180584824319114
1.846912868614305
1.926679869584358
1.9819031779482412
2.000310947402869
1.9880391010997838
1.8591847149173897
1.9021361769781875
1.8960002538266452
1.8346410223112195
1.8530487917658471
1.865320638068932
1.8837284075235599
1.8285050991596767
1.8714565612204748
1.938951715887443
1.9819031779482406
2.043262409463666
2.000310947402868
1.95735948534207
1.9205439464328145
1.9512235621905272
1.9512235621905272
1.9450876390389844
1.9573594853420693
1.9144080232812712
1.9144080232812712
1.9389517158874419
1.9082721001297291
1.938951715887442
1.9880391010997824
1.9880391010997824
2.0187187168574954
1.9941750242513248
1.9573594853420693
1.9573594853420693
1.9512235621905265
1.9512235621905267
1.9328157927358989
1.9573594853420688
1.9757672547966967
1.9389517158874412
1.9573594853420686
1.938951715887441
1.9696313316451537
1.994175024251324
1.994175024251324
1.9880391010997818
2.0187187168574945
1.9880391010997815
2.03099056316058
