6.283185307179586
6.295457153482672
6.307728999785756
6.258641614573415
6.234097921967245
6.277049384028043
6.362952308149639
6.320000846088841
6.258641614573415
6.301593076634213
6.295457153482671
6.301593076634213
6.264777537724958
6.301593076634214
6.252505691421874
6.295457153482672
6.326136769240384
6.166602767300278
6.326136769240384
6.258641614573417
6.301593076634215
6.301593076634215
6.191146459906449
6.399767847058896
6.277049384028045
6.264777537724959
6.350680461846555
6.277049384028045
6.234097921967247
6.178874613603364
6.203418306209535
6.191146459906451
6.33227269239193
6.197282383057994
6.258641614573419
6.362952308149643
6.320000846088845
6.283185307179589
6.129787228391024
6.246369768270332
6.21569015251262
6.172738690451823
6.246369768270333
6.234097921967248
6.283185307179588
6.2279619988157044
6.227961998815705
6.2954571534826735
6.277049384028047
6.24023384511879
6.252505691421876
6.1666027673002795
6.369088231301184
6.258641614573419
6.301593076634217
6.264777537724962
6.270913460876505
6.454991155422783
6.350680461846559
6.185010536754909
6.221826075664165
6.2770493840280475
6.295457153482675
6.3629523081496435
6.3200008460888455
6.172738690451823
6.301593076634217
6.21569015251262
6.209554229361078
6.25864161457342
6.2770493840280475
6.350680461846558
6.185010536754909
6.154330920997197
6.203418306209536
6.3200008460888455
6.240233845118791
6.16660276730028
6.356816384998099
6.277049384028047
6.172738690451822
6.375224154452726
6.21569015251262
6.178874613603364
6.28932123033113
6.172738690451821
6.24023384511879
6.332272692391928
6.338408615543471
6.369088231301184
6.393631923907354
6.277049384028047
6.313864922937301
6.326136769240387
6.350680461846557
6.277049384028047
6.387496000755813
6.252505691421877
6.234097921967249
6.246369768270334
6.221826075664165
6.246369768270335
6.227961998815708
6.3015930766342185
6.270913460876505
6.289321230331133
6.234097921967249
6.123651305239482
6.38136007760427
6.356816384998099
6.369088231301185
6.240233845118791
6.320000846088845
6.270913460876503
6.332272692391929
6.258641614573419
6.320000846088845
6.240233845118791
6.301593076634217
6.258641614573419
6.344544538695015
6.289321230331131
6.418175616513525
6.38136007760427
6.270913460876503
6.142059074694109
6.178874613603365
6.14205907469411
6.197282383057993
6.350680461846557
6.436583385968153
6.467263001725866
6.387496000755813
6.4427193091196955
6.356816384998099
6.344544538695015
6.491806694332036
6.516350386938206
6.688156235181398
6.608389234211344
6.540894079544376
6.412039693361983
6.522486310089749
6.602253311059802
6.344544538695015
6.2586416145734205
6.362952308149644
6.412039693361985
6.381360077604271
6.3445445386950166
6.547030002695921
6.485670771180495
6.6390688499690595
6.479534848028953
6.436583385968155
6.540894079544378
6.418175616513526
6.602253311059803
6.6145251573628885
6.418175616513526
6.4243115396650685
6.350680461846558
6.52248631008975
6.504078540635122
6.099107612633313
6.148194997845653
6.264777537724962
6.436583385968154
6.436583385968154
6.485670771180494
6.565437772150548
6.645204773120601
6.6145251573628885
6.78633100560608
7.019496085364698
5.534602682691398
5.724816300389217
6.080699843178687
9.093438110586085
9.424777960769383
9.909515889741245
10.154952815802949
10.658098514229438
11.308506368292951
11.989593838114175
12.55409876805609
12.983613388664068
13.179962929513431
13.308817315695824
13.578797934363697
13.75060378260689
14.149438787457155
14.468506791337369
14.738487410005243
14.934836950854603
15.14959426115859
15.296856416795611
15.53002149655423
15.707963267948966
15.879769116192158
16.039303118132263
16.162021581163113
16.20497304322391
16.260196351587794
16.30314781364859
16.327691506254762
16.34609927570939
16.35223519886093
16.413594430376357
16.46881773874024
16.56699250916492
16.652895433286517
16.78174981946891
16.94741974456056
17.106953746500665
17.3278469799562
17.579419829169442
17.775769370018807
17.95371114141354
18.180740298020616
18.346410223112265
18.438449070385403
18.377089838869978
18.18687622117216
17.97211891086817
17.849400447837315
17.702138292200296
17.646914983836414
17.536468367108647
17.481245058744765
17.297167364198486
17.315575133653116
17.248079978986148
17.27262367159232
17.35239067256237
17.34011882625929
17.4137499040778
17.536468367108654
17.426021750380887
17.297167364198494
16.64675951013498
16.683575049044236
17.033322668682164
17.401478057774717
18.094837373899026
18.647070457537858
19.19930354117669
19.671769623845467
20.27922601584818
20.678061020698447
21.42664364518664
22.113867038159405
22.702915660707493
23.24287689804324
23.86874105950058
24.580508145079513
25.568391772477867
26.59922686193702
27.654605644002338
28.64248927140069
29.341984510676546
30.188741905589417
31.066178916260007
31.968159619536767
32.83332478390427
33.84575210390879
34.87045127021639
35.612897971553046
36.49033498222363
37.11619914368097
37.68070407362289
38.52132554538422
39.22082078466007
40.564587954847894
41.85926773982337
42.939190214494865
44.09274376698486
45.25243324262641
46.64528779802657
47.970647198759764
49.007618211370456
49.87278337573796
50.60295823077153
51.11223985234955
51.48653116459365
52.026492401929396
52.658492486538286
53.08800710714626
53.7568227306644
54.34587135321249
55.192628748125365
55.94121137261355
56.54866776461626
56.941366846314985
57.11930861770972
57.340201851165254
57.377017390074506
57.260434850195196
56.75728915176871
56.419813378433865
55.59759967612717
54.89810443685131
54.5360849709103
54.14952181236312
53.97771596411993
53.73841496120977
53.69546349914897
53.83658973163445
53.62183242133046
53.31503626375333
52.81189056532684
52.04490017138402
54.24156065963626
53.41321103417801
52.73825948750833
52.09398755659636
51.41903600992668
50.915890311500185
50.34524945840673
49.59666683391853
48.903307517794225
48.369482203610026
48.45538512773162
48.179268585912205
47.774297657910395
47.068666495483
46.19122948481241
45.21561770371714
44.184782614258
42.914646521888685
41.49724827388235
39.71783055993501
38.03658761641235
36.53942236743596
35.441092123309836
34.42252888015378
33.60645110099861
32.876276245965045
32.1767810066892
31.61841199989883
31.07845076256308
30.624392449348928
30.219421521347122
29.77763505443606
28.81429511964388
27.61779010509308
26.274022934905258
25.218644152839936
24.261440141199298
23.3103720527102
22.236585501190252
20.972585331972482
19.659497777542374
18.297322837899923
17.254215902137688
16.4197303535279
14.848934026733001
13.928545554001618
12.830215309875499
15.431846726129546
14.867341796187631
14.112623248547894
13.54811831860598
13.008157081270234
12.64000169217768
12.277982226236666
11.95277829920491
11.652118064779323
10.246991663076075
10.18563243156065
10.289943125136874
10.339030510349215
10.467884896531608
10.289943125136874
10.075185814832883
9.682486733134159
8.87254487713054
8.074874867430006
7.547185476397345
7.185166010456335
7.191301933607877
6.952000930697718
7.0256320085162285
7.179030087304793
7.381515551305698
7.798758325610592
8.14850594524852
8.657787566826553
9.216156573616924
9.694758579437245
10.216312047318363
10.799224746714907
11.744156912052464
12.891574541390924
14.106487325396351
15.284584570492521
16.370642968315558
17.66532275329104
19.463148236693012
21.021672717184824
22.31021657900876
23.083342896103126
23.966915829925252
24.91184799526281
25.905867545812704
27.28645025490978
29.26221750970649
30.76551868183442
31.69817900086889
32.483577164266336
33.43464525275544
34.39798518754762
35.44109212330985
36.75417967773996
38.024315770109276
39.46625771072178
40.7670734188488
41.83472404721721
42.86555913667635
43.90866607243859
45.20948178056562
47.17297718905924
49.25919106058371
51.050880620834135
52.333288559506535
53.18618187757095
53.75682273066441
56.395269685827714
58.15014370716889
59.02758071783947
59.684124495054526
60.31612457966341
60.88676543275687
61.61694028779044
62.43915399009714
63.39635800173778
64.28606685871145
65.13896017677587
66.06548457265879
66.9736011990871
67.9123974412731
68.80824222139832
69.58136853849268
70.27472785461698
70.89445609292278
71.48964063862242
71.93756302868502
72.21981549365599
72.55729126699082
72.87022334771949
73.26292242941821
73.68630112687465
74.08513613172492
74.3857963661505
74.6435051385153
74.7600876783946
74.79076729415232
74.74167990893997
74.56987406069678
74.53305852178752
74.49624298287827
74.64964106166684
74.71100029318227
74.61896144590912
74.312165288332
73.91333028348173
73.44086420081295
73.03589327281114
72.50206795862694
71.95597079813965
71.3730580987431
70.7533298604373
70.25018416201081
69.75317438673586
69.37274715134023
69.04140730115694
68.69779560467056
68.31123244612337
67.89398967181847
67.26812551036113
65.62983402889927
64.95488248222959
64.30447462816608
63.56202792682943
62.77049384028043
61.99123160003452
61.027891665242336
60.09523134620786
59.033716640991
58.058104859895735
57.137716387164346
56.60389107298015
55.82462883273424
55.08218213139759
53.94090042521067
52.28420117429418
50.9465699272579
49.87891929888949
48.90944344094577
47.92769573669896
46.87231695463364
45.82307409571986
44.86587008407922
44.00684084286326
43.30734560358741
42.58330667170539
41.981986202854216
41.39907350345767
40.69957826418182
39.58897617375261
38.294296388777134
37.288004991924154
36.410567981253564
35.66812127991691
34.71705319142781
33.772121026090254
32.360858701235465
30.323732214923332
28.746799964976894
27.580974566183805
26.62990647769471
26.05312970144971
25.230915999143004
24.18780906338077
21.199614488579538
20.598294019728367
19.990837627725654
19.438604544086825
19.0029540003273
18.548895687113152
18.1807402980206
17.554876136563255
20.21786678433273
20.11355609075651
20.18718716857502
20.193323091726562
20.058332782392625
20.230138630635818
20.35285709366667
20.506255172455234
20.690332867001512
20.886682407850877
21.629129109187527
22.353168041069548
23.500585670408007
24.568236298776416
25.568391772477852
26.249479242299078
27.16373179187892
28.114799880368018
29.059732045705573
29.87580982486073
30.833013836501372
31.796353771293557
32.82718886075271
34.097324953122026
35.41654843070368
36.52101459798134
37.49049045592507
38.30043231192869
39.24536447726624
40.33142287508928
41.58315119800396
43.012821292313376
44.20932630686418
45.12357885644402
45.9273847892961
46.84163733887594
48.05041419972982
49.320550292099135
50.51091938349839
51.689016628594565
52.83643425793302
53.92249265575606
54.95332774521521
56.04552206618978
56.97818238522425
57.78198831807632
58.6287457129892
59.776163342327656
60.97880428003
62.242804449247764
63.34727061652542
64.32288239762069
65.3475815639283
66.48886327011522
67.54424205218054
68.93096068442915
70.25632008516234
71.9805144907458
73.23837873681204
74.30602936518045
74.81531098675849
75.38595183985194
75.93204900033922
76.58859277755428
77.36171909464863
78.21461241271305
79.00614649926204
79.80381650896258
80.33764182314678
80.95123413830105
81.63232160812227
82.27045761588269
82.93313731624929
83.65104032497976
84.2769044864371
84.81686572377285
85.29546772959317
85.76179788911041
86.06859404668754
86.22199212547609
86.40606982002238
86.38152612741621
86.39379797371929
86.27107951068844
86.14836104765759
86.03177850777828
85.92746781420206
85.75566196595886
85.57158427141259
85.29546772959317
84.92117641734907
84.37507925686178
83.7001277101921
83.08653539503784
82.57725377345982
82.02502068982098
81.448243913576
80.61989428811775
79.76086504690178
78.72389403429109
77.9323599477421
77.1837773232539
76.44746654506879
75.83387422991454
75.14665083694177
74.45329152081746
73.75379628154161
72.96839811814415
72.08482518432203
71.06626194116596
70.14587346843457
69.20094130309703
68.4032712933965
67.50742651327128
66.74657204248001
65.97958164853718
64.89965917386569
63.87496000755808
62.856396764402014
61.83783352124595
60.85608581699913
59.880474035903866
58.95394964002094
58.039697090441095
57.20521154183131
56.425949301585405
55.622143368733326
54.824473359032794
53.891813039998326
52.891657566296885
51.83014286108002
50.82385146422704
49.9095989146472
49.01375413452198
48.18540450906373
47.1852490353623
46.09919063753926
45.234025473171755
44.393404001410424
43.60800583801298
42.8901028292825
42.16606389740048
41.534063812791594
40.95728703654659
40.31301510563462
39.681015021025736
38.98765570490143
38.484510006474935
37.92000507653302
37.306412761378766
36.64373306101217
36.09149997737334
35.57608243264376
35.177247427793496
34.71091726827626
34.097324953122005
33.342606405482265
32.39767424014471
31.618411999898807
31.06617891625997
30.747110912379757
30.54462544837885
30.40963513904491
30.36054775383257
30.366683676984113
30.489402140014967
30.704159450318954
31.017091531047623
31.47114984426177
31.955887773233638
32.46516939481167
33.04808209420821
33.61872294730167
34.23231526245593
34.8336357313071
35.50858727797678
36.251033979313426
37.07938360477168
37.8463739987145
38.52746146853572
39.04901493641684
39.63192763581338
40.25165587411918
40.88365595872806
41.50338419703387
42.26423866782514
43.196898986859615
44.092743766984825
44.91495746929153
45.78625855681057
46.743462568451214
47.64544327172797
48.387889973064624
49.21623959852287
50.13049214810271
51.05701654398564
51.90377393889851
52.74439541065984
53.63410426763352
54.493133508849475
55.38897828897469
56.53639591831315
57.84334754959171
59.13189141141565
60.32226050281491
61.396047054334865
62.57414429943103
63.770649313981835
64.93647471277492
65.99185349484024
67.01655266114786
68.02284405800083
68.9984558390961
69.8636210034636
70.55698031958792
71.19511632734834
71.78416494989644
71.72894164153254
71.12762117268137
70.50175701122403
69.7470384635843
69.09663060952079
68.39099944709339
67.75286343933297
67.12699927787563
66.54408657847908
65.83845541605169
64.99169802113882
63.59884346573865
62.101678216762274
60.690415891907485
59.59822157093291
58.512163173109876
57.45064846789301
56.41367745528232
55.62827929188487
54.92878405260902
54.39495873842481
53.92862857890758
53.64024019078508
53.333444033207954
53.10641487660087
52.98983233672157
52.91006533575151
52.885521643145346
52.8793857199938
52.891657566296885
52.87324979684226
52.87324979684226
52.83029833478146
52.891657566296885
53.02051195247928
53.15550226181322
53.40093918787492
53.72614311490668
54.06975481139306
54.60358012557726
55.186492824973804
55.81235698643115
56.48730853310083
57.199075618679764
57.953794166319504
58.76987194547466
59.880474035903866
61.242648975546324
62.451425836400205
63.66633862040563
64.61127078574319
65.56847479738383
66.56249434793372
67.50742651327128
68.3909994470934
69.44637822915873
70.44653370286017
71.28101925146996
72.13391256953437
73.02362142650804
73.96855359184559
74.9073498340316
75.96886453924847
77.07946662967767
78.22688425901613
79.51542812084007
80.49717582508687
81.43597206727287
82.38704015576198
83.2828849358872
84.06828309928464
85.01935118777374
85.92746781420205
86.84172036378189
87.87255545324103
88.8604390806394
89.60902170512759
90.31465286755498
91.01414810683083
91.68909965350052
92.41313858538254
93.19240082562844
93.98393491217743
94.67729422830175
95.16203215727361
95.48110016115383
95.74494485667016
95.94743032067106
96.18673132358123
96.38921678758213
96.43216824964293
96.50579932746143
96.65306148309845
96.65306148309845
96.26036240139973
95.61609047048776
95.34610985181989
95.28475062030446
95.27861469715292
95.1313525415159
94.91659523121191
94.57911945787707
94.3091388392092
93.99620675848053
93.75690575557036
93.5176047526602
93.30898336550776
93.17399305617381
93.00218720793062
92.80583766708126
92.61562404938344
92.46836189374642
92.48063374004951
92.407002662231
92.37632304647329
92.29655604550322
92.17997350562392
92.0756628120477
92.05111911944152
92.04498319628999
92.06339096574462
92.08179873519924
92.01430358053227
91.98362396477457
91.99589581107765
91.97135211847147
91.92840065641067
91.89158511750142
91.84249773228908
91.80568219337982
91.830225885986
91.83636180913754
91.71977926925823
91.60319672937892
91.66455596089435
91.80568219337982
91.98362396477457
92.02043950368383
91.90999288695606
91.84249773228909
91.82408996283446
91.81795403968292
91.9590802721684
92.08793465835079
92.25360458344244
92.31496381495788
92.26587642974553
92.14315796671468
91.97748804162303
91.96521619531994
91.83636180913756
91.62774042198511
91.57865303677276
91.80568219337984
91.97135211847149
92.03884727313846
91.98362396477458
91.97135211847149
91.89772104065298
91.78113850077366
91.57251711362122
91.57251711362122
91.71977926925824
92.02657542683536
92.06952688889616
91.99589581107766
91.89772104065298
92.13702204356314
92.11861427410851
92.04498319629
92.05111911944154
92.2045171982301
92.18610942877548
92.09407058150234
91.98975988792611
92.01430358053229
92.05111911944154
92.0020317342292
92.05111911944154
91.98362396477457
91.95908027216839
91.96521619531993
92.01430358053227
92.05725504259307
92.08793465835078
92.10020650465387
92.1492938898662
92.1186142741085
92.1186142741085
92.13702204356312
92.04498319628999
92.02657542683535
92.08179873519924
91.9897598879261
92.01430358053227
92.00816765738072
91.95908027216839
92.03884727313844
92.02043950368382
92.05111911944152
91.99589581107765
92.02043950368382
92.06339096574462
92.02043950368382
92.04498319628999
92.0756628120477
92.09407058150232
92.03884727313844
92.05725504259307
92.06339096574462
92.08179873519924
92.00203173422919
92.02043950368382
92.02043950368382
92.03884727313844
92.05725504259307
92.0327113499869
92.00816765738072
92.0327113499869
92.02657542683535
92.02657542683535
91.98362396477455
92.0327113499869
