4.589670517353839
4.644893825717722
4.620350133111552
4.669437518323892
4.644893825717721
4.608078286808466
4.552854978444584
4.583534594202297
4.534447208989957
4.546719055293043
4.534447208989958
4.558990901596128
4.552854978444586
4.620350133111553
4.644893825717722
4.657165672020808
4.675573441475435
4.68784528777852
4.706253057233147
4.66330159517235
4.6694375183238925
4.66330159517235
4.552854978444584
4.5405831321414984
4.546719055293041
4.577398671050753
4.608078286808466
4.558990901596125
4.534447208989956
4.608078286808467
4.552854978444584
4.552854978444585
4.571262747899213
4.6264860562630945
4.577398671050755
4.552854978444584
4.632621979414636
4.651029748869264
4.675573441475435
4.620350133111552
4.651029748869266
4.558990901596128
4.595806440505385
4.595806440505385
4.638757902566184
4.669437518323897
4.663301595172354
4.644893825717727
4.651029748869268
4.644893825717726
4.718524903536236
4.736932672990863
4.767612288748576
4.736932672990863
4.749204519293948
4.724660826687778
4.773748211900119
4.773748211900119
4.712388980384692
4.70625305723315
4.7185249035362355
4.786020058203204
4.927146290688683
4.939418136991768
4.810563750809373
4.583534594202298
4.485359823777617
4.4178646691106485
4.393320976504479
4.460816131171448
4.565126824747672
4.687845287778523
4.767612288748576
4.792155981354747
4.767612288748576
4.700117134081608
4.700117134081608
4.724660826687779
4.779884135051662
4.902602598082513
4.951689983294854
4.957825906446397
5.006913291658736
4.9087385212340555
5.000777368507195
4.963961829597938
5.025321061113363
5.000777368507193
5.025321061113363
4.9700977527494805
4.816699673960916
4.828971520264
4.767612288748573
4.80442782765783
4.798291904506287
4.798291904506286
4.724660826687774
4.743068596142401
4.724660826687774
4.71852490353623
4.577398671050751
4.57739867105075
4.565126824747663
4.466952054322982
4.442408361716812
4.528311285838408
4.595806440505376
4.638757902566173
4.786020058203193
5.000777368507182
5.5284667595398425
6.2463697682703225
7.314020396638729
8.614836104765752
9.823612965619638
11.02625390332198
11.971186068659533
13.06338038963411
14.204662095821027
15.31526418625023
16.382914814618633
17.462837289290125
18.794332613174863
20.23013863063582
21.751847572218377
23.273556513800933
25.187964537082213
27.02260555939344
28.372508652732805
29.427887434798123
30.520081755772697
32.09701400571914
33.68008217881712
34.9318105017318
36.128315516282605
37.39231568550038
39.08583047532613
40.86524818927347
42.2090153594613
43.11099606273805
44.24000592262188
45.54082163074891
46.725054798996624
47.7313461958496
48.49220066664088
49.14874444385593
49.79915229791945
50.44342422883142
51.02633692822796
51.83627878423158
52.38851186787041
52.76893910326605
53.04505564508546
53.24140518593482
53.43775472678419
53.51752172775424
53.591152805572754
53.57274503611813
53.49297803514807
53.45002657308727
53.46229841939036
53.52365765090578
53.49911395829962
53.357987725814134
53.11868672290397
52.74439541065988
52.11853124920254
51.14291946810727
49.99550183876881
49.130336674401306
48.529016205550136
48.03200643027519
47.406142268817845
46.46121010348029
45.1358507027471
43.712316531589224
42.55876297909922
41.736549276792516
41.006374421758956
40.27006364357384
39.576704327449534
38.932432396537564
38.26975269617097
38.25748084986788
38.72994693253666
39.37421886344863
39.938723793390544
40.60140349375715
41.51565604333698
42.76124844310013
44.393404001410445
45.84761778832603
46.755734414754336
47.5288607318487
48.40016181936775
49.480084294039244
50.7563563095601
52.08171571029329
52.79348279587223
53.36412364896569
53.72000719175515
53.9715800409684
54.143385889211594
54.223152890181645
54.11884219660542
53.91022080945297
53.60956057502739
53.173910031267866
52.572589562416695
51.805599168473876
50.65818153913541
49.35736583100839
48.38788997306466
47.59021996336413
46.915268416694445
46.22804502372168
45.319928397293374
44.141831152197206
42.859423213524806
41.92676289449034
41.07386957642592
40.47868503072629
39.99394710175443
39.447849941267144
38.83425762611289
38.288160465625594
38.232937157261716
38.61950031580889
39.1533256299931
39.65647132841959
40.15961702684608
40.86524818927347
42.08629689643045
44.025248612317895
45.36901578250571
46.12987025329699
47.01344318711912
48.38788997306466
50.28389022689131
51.339269008956634
51.86082247683775
52.07557978714174
52.70144394859908
53.063463414540095
53.48684211199653
53.793638269573655
53.996123733574564
54.05748296508999
53.89794896314988
53.480706188844984
52.787346872720676
51.983540939868604
51.04474469768259
50.24093876483051
49.5475794487062
48.94012305670349
48.289715202639975
47.30183157524162
45.64513232432513
43.8963942261355
42.69375328843316
41.896083278732625
40.90819965133427
39.766917945147355
38.527461468535755
37.14687875943868
35.796975666099314
34.379577418092985
33.01126655529899
31.784081924990478
30.734839066076695
29.85126613225457
29.053596122554037
27.942994032124833
26.728081248119405
25.341362615870786
24.169401293926157
23.255148744346315
22.50043019670658
21.733439802763762
20.98485717827557
20.113556090756525
19.033633616085034
17.88008006359503
16.794021665771997
15.714099191100505
14.615768946974384
13.67083678163683
12.584778383813795
11.41895298502071
10.406525665016186
9.320467267193152
8.400078794461768
7.522641783791181
6.375224154452722
5.516194913236761
4.546719055293036
3.589515043652396
2.767301341345692
1.9819031779482432
1.2394564766115932
0.36815538909254886
-0.5276893910326654
-1.5094370952794751
-2.4543692606170304
-3.595650966803947
-4.638757902566184
-5.663457068873791
-6.706564004636028
-7.663768016276668
-8.473709872280287
-9.529088654345607
-10.823768439321087
-11.995729761265718
-13.186098852664976
-13.861050399334658
-14.529866022852797
-14.873477719339181
-14.996196182370031
-14.89802141194535
-14.51145825339817
-13.775147475213062
-11.590758833263909
-10.73172959204795
-10.216312047318374
-9.823612965619649
-8.989127417009861
-7.8601175571260296
-6.516350386938208
-5.381204603902834
-4.730796749839322
-4.227651051412832
-3.7245053529863417
-3.160000423044426
-2.503456645829371
-1.7548740213411782
-0.9142525495798473
0.15339807878855893
0.96947585794372
1.478757479521753
1.92667986958436
2.2764274892222858
2.564815877344786
2.7673013413456906
2.877747958073456
2.865476111770371
2.834796496012659
2.7059421098302647
2.460505183768562
2.061670178918296
1.564660403643348
0.6810874698212188
-0.5215534678811231
-1.7671458676442642
-2.699806186678734
-3.3686218101968732
-3.963806355896502
-4.479223900626078
-5.12963175468959
-5.8598066097231545
-6.866098006576135
-7.755806863549807
-8.620972027917308
-9.283651728283903
-9.903379966589704
-10.40038974186465
-10.866719901381886
-11.308506368292951
-11.719613219446302
-12.100040454841942
-12.400700689267527
-12.590914306965345
-12.707496846844654
-12.609322076419973
-12.339341457752099
-11.879147221386408
-11.308506368292948
-10.093593584287522
-9.437049807072466
-8.829593415069752
-8.20372925361241
-7.375379628154164
-6.393631923907353
-5.338253141842031
-4.430136515413732
-3.4790684269246346
-2.6629906477694734
-1.8714565612204823
-0.9510680884890976
0.17180584824319123
1.2333205534600549
2.251883796616121
2.9697868053466014
3.7551849687440497
4.485359823777614
5.1234958315380394
5.86594253287469
6.534758156392829
7.240389318820225
8.025787482217673
8.774370106705865
9.602719732164111
10.498564512289324
11.37600152295991
12.308661841994383
13.253594007331937
14.19239024951795
15.033011721279284
15.984079809768382
17.070138207591416
18.42004130093078
20.00310947402876
21.17507079597339
21.966604882522383
22.58019719767664
23.206061359133983
23.98532359937989
25.200236383385317
26.507188014663882
27.65460564400234
28.636353348249152
29.38493597273735
30.158062289831715
30.99868376159305
32.13996546777997
33.26897532766381
34.24458710875908
35.00544157955035
35.69266497252312
36.428975750708226
37.04256806586248
37.36777199289424
37.33709237713653
37.3616360697427
37.4475389938643
37.692975919926006
37.93227692283617
38.17771384889787
38.38019931289877
38.38019931289877
38.20225754150404
37.96295653859388
37.5334419179859
37.257325376166484
37.10392729737792
36.81553890925542
36.54555829058755
36.367616519192815
36.128315516282655
36.14672328573728
36.26944174876813
36.31852913398047
36.330800980283556
36.39829613495052
36.32466505713201
36.373752442344355
36.16513105519191
36.18967474779807
36.11604366997956
35.90742228282712
35.79697566609936
35.80924751240244
35.62516981785617
35.477907662219145
35.410412507552174
35.61903389470462
35.723344588280845
35.94423782173638
35.766296050341644
35.54540281688611
35.61903389470462
35.77243197349319
35.86447082076633
35.87674266706941
35.895150436524034
35.95650966803946
36.04241259216105
36.08536405422184
35.99946113010025
35.63744166415923
35.6619853567654
35.72948051143237
35.88287859022093
35.98105336064561
35.98718928379716
36.10990774682801
36.10990774682801
36.10377182367647
36.20808251725269
36.01786889955487
36.030140745857956
36.30012136452583
36.61918936840604
36.42897575070822
36.30012136452583
36.22035436355577
36.09149997737338
36.16513105519189
36.25716990246503
36.158995132040346
35.93196597543327
35.69880089567466
36.00559705325178
35.97491743749407
35.88901451337247
35.790839742947796
35.88287859022093
35.80924751240242
35.68652904937157
35.63744166415923
35.69266497252312
35.65584943361387
35.71720866512929
35.88287859022094
35.90128635967557
35.80924751240243
35.907422282827106
35.88901451337247
35.90128635967556
35.833791205008595
35.88287859022093
35.81538343555396
35.86447082076631
35.94423782173636
35.85833489761476
35.913558205978646
35.89515043652402
36.02400482270641
35.96878151434253
35.98718928379716
