4.233786974564371
4.215379205109742
4.196971435655114
4.196971435655114
4.147884050442774
4.166291819897402
4.166291819897402
4.190835512503573
4.129476280988147
4.203107358806657
4.190835512503574
4.13561220413969
4.2460588208674555
4.190835512503573
4.123340357836604
4.147884050442773
4.172427743048943
4.1417481272912315
4.215379205109743
4.154019973594317
4.184699589352029
4.215379205109741
4.0987966652304335
4.09266074207889
4.166291819897402
4.1601558967458585
4.068117049472719
4.129476280988145
4.203107358806656
4.154019973594314
4.172427743048942
4.160155896745858
4.135612204139687
4.1417481272912315
4.147884050442775
4.209243281958201
4.172427743048944
4.154019973594316
4.160155896745859
4.196971435655116
4.123340357836605
4.166291819897403
4.080388895775806
4.135612204139689
4.147884050442775
4.196971435655114
4.227651051412827
4.154019973594317
4.111068511533519
4.147884050442776
4.196971435655116
4.233786974564372
4.147884050442776
4.123340357836606
4.129476280988149
4.129476280988148
4.098796665230435
4.11106851153352
4.129476280988148
4.098796665230435
4.172427743048947
4.1233403578366055
4.190835512503574
4.166291819897403
4.209243281958201
4.160155896745859
4.203107358806657
4.215379205109743
4.258330667170541
4.239922897715914
4.233786974564373
4.1908355125035746
4.196971435655117
4.154019973594319
4.215379205109745
4.22765105141283
4.22765105141283
4.203107358806659
4.196971435655117
4.172427743048947
4.178563666200489
4.141748127291234
4.098796665230436
4.209243281958202
4.172427743048948
4.092660742078893
4.16015589674586
4.172427743048947
4.1478840504427765
4.178563666200488
4.209243281958201
4.221515128261286
4.1233403578366055
4.13561220413969
4.031301510563468
4.055845203169638
4.080388895775808
4.092660742078894
3.98835004850267
4.037437433715009
3.8901752780779884
4.092660742078893
4.209243281958202
4.129476280988149
4.2276510514128285
4.276738436625171
4.215379205109745
4.203107358806659
4.252194744018999
4.356505437595223
4.319689898685967
4.362641360746764
4.270602513473626
4.06811704947272
3.94539858644187
3.9699422790480403
4.019029664260381
4.061981126321179
4.135612204139689
4.252194744018999
4.2092432819582015
4.239922897715914
4.282874359776711
4.430136515413731
4.4730879774745285
4.589670517353838
4.761476365597029
4.724660826687774
4.644893825717721
4.534447208989954
4.442408361716816
4.295146206079794
4.1662918198974
4.0926607420788885
4.061981126321176
3.951534509593409
3.9392626632903234
3.9331267401387806
3.896311201229525
3.9085830475326104
3.8963112012295253
3.9269908169872383
3.9453985864418657
3.9453985864418657
4.012893741108834
3.976078202199578
3.976078202199578
3.988350048502663
3.9515345095934076
3.890175278077982
4.025165587411918
4.025165587411917
4.074252972624259
4.239922897715909
4.3871850533529315
4.460816131171442
4.773748211900113
5.105088062083412
5.534602682691391
5.86594253287469
6.332272692391925
6.835418390818416
7.234253395668682
7.645360246822034
8.123962252642356
8.54120502694725
9.142525495798422
9.719302272043423
10.480156742834701
11.179651982110553
12.081632685387309
12.89771046454247
13.46835131763593
13.940817400304708
14.493050483943538
15.100506875946252
15.898176885646784
16.855380897287425
17.984390757171255
19.137944309661258
20.089012398150356
20.880546484699348
21.55549803136903
22.25499327064488
23.05879920349696
23.917828444712917
25.138877151869888
26.35992585902686
27.63006195139617
28.998372814190162
30.13351859722553
31.27480030341245
32.19518877614384
32.90695586172277
33.70462587142331
34.532975496881555
35.44109212330985
36.588509752648314
37.92614099968459
38.93856831968912
39.78532571460199
40.54004426224172
41.25181134782066
42.01266581861194
42.8716950598279
43.822763148316994
44.700200158987585
45.553093477052
46.47961787293493
47.283423805787
48.04427827657828
48.89103567149115
49.78688045161637
50.602958230771534
51.455851548835945
52.290337097445736
53.094143030297815
54.02066742618074
54.80606558957819
55.64055113818798
56.32163860800921
56.990454231527345
57.469056237347665
57.861755319046395
58.28513401650283
58.591930174079955
58.8005515612324
58.941677793717886
58.96008556317251
58.89872633165709
58.69624086765618
58.49989132680682
58.19309516922969
57.824939780137136
57.462920314196126
57.08862900195203
56.53025999516166
55.99029875782591
55.31534721115623
54.652667510789634
53.83045380848293
52.971424567266965
52.05717201768712
51.16746316071345
50.33297761210367
49.504627986645424
48.817404593672656
48.06882196918447
47.44909373087867
46.70051110639048
45.92738478929612
45.08062739438324
44.30750107728888
43.44847183607292
42.577170748553876
41.71814150733792
40.975694806001265
40.15961702684611
39.318995555084776
38.49678185277807
37.40458753180349
36.349208749738175
35.37359696864291
34.459344419063065
33.569635562089395
32.59402378099413
31.618411999898864
30.513945832621197
29.397207819040446
28.225246497095814
26.74035309442251
25.298411153810008
23.856469213197506
22.844041893192983
22.05250780664399
21.23643002748883
20.095148321301913
18.395497608324625
16.36450704516404
15.075963183340102
14.038992170729408
13.13701146745265
11.897554990841051
10.388117895561582
8.99526334016142
7.96442825070227
7.056311624273971
5.865942532874714
4.522175362686894
3.3318062712876353
1.9941750242513563
0.7547185476397582
-0.6872233929727454
-1.9389517158874279
-2.8225246497095577
-3.466796580621527
-4.092660742078868
-4.614214209959986
-5.190990986204987
-5.62664152996451
-6.399767847058873
-6.761787312999884
-7.221981549365577
-7.6146806310643
-7.927612711792971
-8.430758410219461
-8.602564258462653
-8.68846718258425
-8.805049722463558
-8.872544877130526
-8.68846718258425
-8.308039947188611
-7.933748634944515
-7.626952477367387
-6.994952392758503
-6.326136769240363
-5.853670686571586
-5.313709449235841
-4.730796749839297
-4.215379205109722
-3.7490490455924865
-3.166136346195943
-2.65685472461791
-2.055534255766739
-1.2885438618239178
-0.7363107781850875
-0.1104466167277458
0.5092816215780536
1.0431069357622567
1.5094370952794915
1.9512235621905563
2.5280003384355574
2.9022916506796537
3.307262578681463
3.7306412761379
4.172427743048965
4.571262747899231
4.982369599052583
5.375068680751307
5.810719224510828
6.086835766330243
6.473398924877424
6.8660980065761485
7.197437856759447
7.406059243911894
7.725127247792108
7.841709787671417
8.056467097975407
8.191457407309343
8.11169040633929
8.16077779155163
8.173049637854715
8.240544792521684
8.173049637854715
8.16077779155163
8.11169040633929
8.056467097975407
7.958292327550726
8.044195251672322
8.252816638824768
8.093282636884663
8.056467097975407
8.13623409894546
8.074874867430035
8.228272946218599
8.222137023067056
8.406214717613333
8.308039947188652
8.074874867430035
8.1853214841578
8.1853214841578
8.130098175793918
8.179185561006259
7.988971943308439
7.817166095065247
7.786486479307534
7.718991324640566
7.663768016276682
7.547185476397374
7.651496169973598
7.903069019186843
8.130098175793918
8.258952561976312
8.332583639794823
8.228272946218599
8.050331174823864
7.841709787671417
7.988971943308439
8.142370022097003
8.252816638824768
8.320311793491738
8.30190402403711
8.350991409249453
8.381671025007165
8.277360331430941
8.093282636884664
7.761942786701367
7.749670940398281
7.755806863549823
7.70058355518594
7.780350556155993
7.804894248762163
7.853981633974502
7.87238940342913
7.94602048124764
7.933748634944554
8.001243789611523
8.050331174823864
8.16077779155163
8.1853214841578
8.197593330460887
8.240544792521684
8.252816638824768
8.117826329490832
8.06260302112695
8.074874867430035
8.031923405369238
8.06260302112695
8.031923405369236
8.04419525167232
8.105554483187746
8.01965155906615
8.074874867430033
7.99510786645998
8.025787482217693
8.038059328520777
8.06873894427849
8.09328263688466
8.105554483187746
8.099418560036202
8.038059328520777
8.130098175793917
8.142370022097001
8.111690406339289
8.136234098945458
8.179185561006257
8.081010790581576
8.123962252642375
8.099418560036204
8.056467097975407
8.148505945248546
8.117826329490832
8.148505945248546
8.154641868400088
8.08714671373312
8.117826329490832
8.148505945248546
8.197593330460887
8.13623409894546
8.209865176763971
8.142370022097003
8.1853214841578
8.13623409894546
8.173049637854715
8.099418560036206
8.142370022097005
8.099418560036206
8.105554483187749
8.142370022097005
8.13009817579392
8.15464186840009
8.136234098945462
8.117826329490834
8.087146713733121
8.081010790581578
8.222137023067056
8.123962252642375
8.173049637854715
8.123962252642375
8.06260302112695
8.06260302112695
8.081010790581578
8.123962252642375
8.123962252642375
8.130098175793918
8.16077779155163
8.197593330460887
8.16077779155163
8.130098175793918
8.099418560036204
8.111690406339289
8.09328263688466
8.105554483187746
8.105554483187746
8.074874867430033
8.099418560036202
8.111690406339289
8.062603021126948
8.087146713733118
8.056467097975405
8.013515635914606
8.105554483187746
8.105554483187746
8.06873894427849
8.111690406339289
8.160777791551629
8.154641868400086
8.142370022097001
8.16691371470317
8.074874867430033
8.111690406339289
8.154641868400086
8.06873894427849
8.11782632949083
8.179185561006257
8.111690406339289
8.191457407309342
8.166913714703172
8.117826329490832
8.08714671373312
8.074874867430035
