4.23378697456437
4.215379205109742
4.196971435655114
4.196971435655114
4.147884050442774
4.166291819897402
4.166291819897402
4.190835512503572
4.129476280988146
4.2031073588066565
4.190835512503572
4.135612204139688
4.246058820867455
4.190835512503572
4.123340357836604
4.147884050442774
4.172427743048944
4.1417481272912315
4.215379205109742
4.154019973594316
4.184699589352029
4.215379205109742
4.0987966652304335
4.09266074207889
4.166291819897402
4.1601558967458585
4.06811704947272
4.129476280988146
4.2031073588066565
4.154019973594316
4.172427743048944
4.1601558967458585
4.135612204139688
4.1417481272912315
4.147884050442774
4.2092432819582
4.172427743048944
4.154019973594316
4.1601558967458585
4.196971435655114
4.123340357836604
4.166291819897402
4.080388895775806
4.135612204139688
4.147884050442774
4.196971435655114
4.227651051412827
4.154019973594316
4.111068511533518
4.147884050442774
4.196971435655114
4.23378697456437
4.147884050442774
4.123340357836604
4.129476280988146
4.129476280988146
4.0987966652304335
4.111068511533518
4.129476280988146
4.0987966652304335
4.172427743048944
4.123340357836604
4.190835512503572
4.166291819897402
4.2092432819582
4.1601558967458585
4.2031073588066565
4.215379205109742
4.25833066717054
4.239922897715912
4.23378697456437
4.190835512503572
4.196971435655114
4.154019973594316
4.215379205109742
4.227651051412827
4.227651051412827
4.2031073588066565
4.196971435655114
4.172427743048944
4.178563666200486
4.1417481272912315
4.0987966652304335
4.2092432819582
4.172427743048944
4.09266074207889
4.1601558967458585
4.172427743048944
4.147884050442774
4.178563666200486
4.2092432819582
4.221515128261284
4.123340357836604
4.135612204139688
4.031301510563465
4.0558452031696355
4.080388895775806
4.09266074207889
3.988350048502667
4.037437433715008
3.890175278077986
4.09266074207889
4.2092432819582
4.129476280988146
4.227651051412827
4.276738436625168
4.215379205109742
4.2031073588066565
4.252194744018997
4.356505437595221
4.319689898685965
4.362641360746763
4.270602513473625
4.06811704947272
3.9453985864418692
3.9699422790480394
4.01902966426038
4.061981126321178
4.135612204139688
4.252194744018997
4.2092432819582
4.239922897715912
4.28287435977671
4.430136515413731
4.473087977474529
4.589670517353839
4.76147636559703
4.724660826687775
4.6448938257177215
4.534447208989955
4.442408361716817
4.295146206079795
4.166291819897402
4.09266074207889
4.061981126321178
3.9515345095934116
3.9392626632903265
3.933126740138784
3.8963112012295285
3.9085830475326135
3.8963112012295285
3.9269908169872414
3.9453985864418692
3.9453985864418692
4.0128937411088375
3.9760782021995817
3.9760782021995817
3.988350048502667
3.9515345095934116
3.890175278077986
4.025165587411922
4.025165587411922
4.074252972624263
4.239922897715912
4.387185053352934
4.460816131171445
4.773748211900116
5.105088062083414
5.534602682691394
5.8659425328746915
0.04908738521234052
0.5522330836388308
0.9510680884890975
1.3621749396424494
1.8407769454627694
2.2580197197676637
2.859340188618835
3.436116964863836
4.196971435655114
4.896466674930966
5.798447378207723
0.3313398501832985
0.9019807032767571
1.3744467859455345
1.9266798695843652
2.5341362615870793
3.3318062712876126
4.289010282928253
5.418020142812084
0.28838838812250056
1.239456476611598
2.030990563160589
2.705942109830271
3.4054373491061236
4.2092432819582
5.0682725231741586
0.006135923151542565
1.227184630308513
2.497320722677824
3.865631585471816
5.00077736850719
6.1420590746941075
0.7792622402459057
1.4910293258248433
2.2886993355253766
3.117048960983623
4.025165587411922
5.1725832167503825
0.2270291566070749
1.239456476611598
2.086213871524472
2.8409324191642074
3.552699504743145
4.313553975534423
5.1725832167503825
6.12365130523948
0.7179030087304801
1.5707963267948966
2.497320722677824
3.3011266555298997
4.061981126321178
4.908738521234052
5.8045833013592665
0.3374757733348411
1.1903690913992575
2.024854640009046
2.8286605728611223
3.7551849687440497
4.540583132141498
5.375068680751287
6.056156150572511
0.44178646691106466
0.9203884727313847
1.3130875544301088
1.736466251886546
2.043262409463674
2.2518837966161214
2.3930100291016
2.411417798556228
2.350058567040802
2.1475731030398975
1.9512235621905356
1.6444274046134073
1.2762720155208536
0.9142525495798421
0.5399612373357456
6.264777537724958
5.724816300389213
5.049864753719531
4.387185053352934
3.56497135104623
2.705942109830271
1.7916895602504288
0.9019807032767571
0.0674951546669682
5.522330836388308
4.8351074434155406
4.086524818927348
3.466796580621549
2.718213956133356
1.945087639038993
1.0983302441261191
0.32520392703175593
5.749359992995383
4.878058905476339
4.01902966426038
3.2765829629237295
2.4605051837685683
1.6198837120072371
0.7976700097005334
5.988660995905543
4.933282213840222
3.9576704327449543
3.043417883165112
2.1537090261914402
1.1780972450961724
0.20248546400090464
5.381204603902829
4.264466590322082
3.0925052683774528
1.607611865704152
0.16566992509164924
5.006913291658733
3.9944859716542096
3.2029518851052186
2.386874105950058
1.2455923997631406
5.829126993965437
3.7981364308048478
2.509592568980909
1.4726215563702154
0.5706408530934585
5.6143696836614465
4.104932588381976
2.7120780329818137
1.6812429435226628
0.7731263170943632
5.8659425328746915
4.522175362686871
3.3318062712876126
1.9941750242513334
0.7547185476397354
5.595961914206819
4.344233591292136
3.4606606574700063
2.816388726558037
2.1905245651006955
1.6689710972195777
1.0921943209745766
0.6565437772150544
6.166602767300278
5.8045833013592665
5.344389064993574
4.95168998329485
4.638757902566179
4.135612204139688
3.9638063558964967
3.877903431774901
3.761320891895592
3.693825737228624
3.877903431774901
4.25833066717054
4.632621979414636
4.9394181369917645
5.5714182216006485
6.240233845118788
0.4295146206079795
0.9694758579437253
1.552388557340269
2.067806102069844
2.5341362615870793
3.117048960983623
3.6263305825616556
4.227651051412827
4.994641445355648
5.546874528994478
6.17273869045182
0.5092816215780329
1.043106935762236
1.509437095279471
1.9512235621905356
2.5280003384355365
2.9022916506796332
3.3072625786814425
3.730641276137879
4.172427743048944
4.571262747899211
4.9823695990525625
5.375068680751287
5.810719224510809
6.086835766330224
0.1902136176978195
0.5829126993965437
0.9142525495798421
1.1228739367322893
1.4419419406125027
1.5585244804918115
1.7732817907958012
1.9082721001297376
1.8285050991596843
1.8775924843720249
1.88986433067511
1.9573594853420782
1.88986433067511
1.8775924843720249
1.8285050991596843
1.7732817907958012
1.6751070203711202
1.761009944492716
1.9696313316451632
1.8100973297050567
1.7732817907958012
1.8530487917658545
1.7916895602504288
1.945087639038993
1.9389517158874505
2.1230294104337273
2.024854640009046
1.7916895602504288
1.902136176978195
1.902136176978195
1.846912868614312
1.8960002538266525
1.705786636128833
1.533980787885641
1.5033011721279284
1.4358060174609601
1.380582709097077
1.2640001692177683
1.368310862793992
1.6198837120072371
1.846912868614312
1.9757672547967058
2.0493983326152168
1.945087639038993
1.7671458676442586
1.5585244804918115
1.705786636128833
1.859184714917397
1.9696313316451632
2.0371264863121317
2.018718716857504
2.067806102069844
2.098485717827557
1.9941750242513334
1.8100973297050567
1.4787574795217582
1.4664856332186729
1.4726215563702154
1.4173982480063325
1.4971652489763858
1.521708941582556
1.5707963267948966
1.5892040962495242
1.662835174068035
1.6505633277649499
1.718058482431918
1.7671458676442586
1.8775924843720249
1.902136176978195
1.9144080232812801
1.9573594853420782
1.9696313316451632
1.8346410223112268
1.7794177139473437
1.7916895602504288
1.748738098189631
1.7794177139473437
1.748738098189631
1.761009944492716
1.8223691760081417
1.736466251886546
1.7916895602504288
1.7119225592803755
1.7426021750380885
1.7548740213411735
1.7855536370988863
1.8100973297050567
1.8223691760081417
1.8162332528565992
1.7548740213411735
1.846912868614312
1.859184714917397
1.8285050991596843
1.8530487917658545
1.8960002538266525
1.7978254834019713
1.8407769454627694
1.8162332528565992
1.7732817907958012
1.8653206380689396
1.8346410223112268
1.8653206380689396
1.8714565612204823
1.8039614065535141
1.8346410223112268
1.8653206380689396
1.9144080232812801
1.8530487917658545
1.9266798695843652
1.859184714917397
1.902136176978195
1.8530487917658545
1.88986433067511
1.8162332528565992
1.859184714917397
1.8162332528565992
1.8223691760081417
1.859184714917397
1.846912868614312
1.8714565612204823
1.8530487917658545
1.8346410223112268
1.8039614065535141
1.7978254834019713
1.9389517158874505
1.8407769454627694
1.88986433067511
1.8407769454627694
1.7794177139473437
1.7794177139473437
1.7978254834019713
1.8407769454627694
1.8407769454627694
1.846912868614312
1.8775924843720249
1.9144080232812801
1.8775924843720249
1.846912868614312
1.8162332528565992
1.8285050991596843
1.8100973297050567
1.8223691760081417
1.8223691760081417
1.7916895602504288
1.8162332528565992
1.8285050991596843
1.7794177139473437
1.8039614065535141
1.7732817907958012
1.7303303287350031
1.8223691760081417
1.8223691760081417
1.7855536370988863
1.8285050991596843
1.8775924843720249
1.8714565612204823
1.859184714917397
1.8837284075235674
1.7916895602504288
1.8285050991596843
1.8714565612204823
1.7855536370988863
1.8346410223112268
1.8960002538266525
1.8285050991596843
1.9082721001297376
1.8837284075235674
1.8346410223112268
1.8039614065535141
1.7916895602504288
