2.21283543895731
2.2130997403124524
2.2129867686644347
2.212343035941842
2.2137151733787648
2.2134172797373624
2.213714038205877
2.213605337222698
2.2139642827170336
2.2143719841928973
2.214398627028745
2.2150711196616455
2.215180890434902
2.215582199351208
2.2143502684927725
2.2148183904273058
2.2148545146933807
2.2153156327528345
2.2153977518624344
2.215047673601563
2.215345248160546
2.2148533068411083
2.214434083125685
2.215452537618257
2.2160221403130267
2.215538505246142
2.2158124948559044
2.2159024210101337
2.215612528661529
2.2154883999239066
2.2152613931168488
2.2156957447652608
2.2154541246601616
2.2153286016471627
2.2148803244916393
2.2150345186797047
2.2159154681412576
2.2158185886870245
2.215711147511728
2.214405944511937
2.2159285777977145
2.215659129673074
2.215059718762696
2.215291737852806
2.2156649335298475
2.214786079525841
2.215292175366793
2.2151147512657405
2.215443189225427
2.2148192153382205
2.214465102897089
2.2157170338125947
2.2159673478292268
2.2154563943844914
2.215092558888224
2.2156228067791943
2.215304974786215
2.2146899687430586
2.2156041119925303
2.2147800476762427
2.2151292366536612
2.2146887823279444
2.215917873605516
2.2155611504949526
2.214851629668733
2.2155996993367983
2.21569992030633
2.215589909540682
2.2137589564403886
2.2154065710419553
2.215464106467439
2.2153788381207233
2.2144999347586496
2.215056340416762
2.2156672679770426
2.2157322786325997
2.2152819704705897
2.2149862981787183
2.215528575085169
2.2153876306219353
2.2146664984675364
2.2149229427746335
2.2154638076796855
2.2143330723383734
2.215212146004611
2.2153377468256994
2.2156606440979276
2.2152430063644157
2.2144985522516376
2.2150574424450045
2.2151860221288846
2.2154176700980135
2.215496792853926
2.2157099210998887
2.2143491757888434
2.214576274022312
2.215071709328594
2.215267228750017
2.2147654057228463
2.2142784528396118
2.2140169959685356
2.214256475500308
2.215140452988884
2.215137945566033
2.2145008429615456
2.214371482407105
2.215175525061667
2.214163831632453
2.214533008288326
2.2152763252167755
2.2141034081898634
2.2150598639549623
2.2142471637703443
2.215336461995345
2.2137200564087234
2.214904162448014
2.2138178116791023
2.214462840682392
2.2149307635843365
2.215269869539388
2.2141283705968107
2.2145538318452362
2.213566702329294
2.215124319274723
2.214383541932983
2.2156527851894263
2.2130416515684574
2.214194133381636
2.2148291720717457
2.214546363855238
2.214224126652877
2.213469409226784
2.215145086628069
2.2148544265190546
2.2142327360845946
2.214907868503495
2.214877030075875
2.214834991961747
2.2144706259016167
2.2147230753962006
2.2144080103740245
2.2154516997488036
2.2149853345246813
2.2165197455408636
2.216545037061859
2.2130123277122524
2.2117322740942424
2.2116953806419675
2.2156362673177092
2.2108056032645385
2.217888945080122
2.2174064254198016
2.217506485582944
2.2176204171252243
2.2182442420930997
2.216909804321862
2.2169271552677845
2.2149886891276105
2.209816294157816
2.2075106627764463
2.2050719988951806
2.2019117785713416
2.1966978447989183
2.1936689652981256
2.1807428055781872
2.1778478363102045
2.174284803080805
2.1673381949010913
2.1619775585205803
2.154067769569577
2.14655209574993
2.127224068051312
2.119883945135269
2.1082318961271067
2.099684082252825
2.0783374693651133
2.067932593306304
2.0584984493994054
2.0475422183181076
2.037074754405649
2.0260321764369054
2.0135096781216872
2.0001938443214793
1.9862976972734447
1.9579701140670023
1.9428900803967375
1.9294186942530966
1.9144942447214826
1.8850468847159532
1.8701232392676561
1.85569919445559
1.8409885933836965
1.8267998940336772
1.812317038695089
1.7983597086228078
1.7849492301430996
1.7723769332319355
1.7501157314254296
1.739055628805315
1.7272416973443805
1.7151483080999073
1.7029878327768075
1.691797146758427
1.6817094293462014
1.6726134347981259
1.663702307222632
1.6550788502825116
1.6465294694891601
1.632074937113877
1.6268258734718657
1.617397541314558
1.613273687691236
1.6087502984729891
1.6043478025170037
1.6004331070880427
1.5966246017345993
1.5885036885328656
1.5837889388636397
1.5788177840499216
1.5741467617598903
1.5641846040908287
1.559222263134926
1.5547652699928602
1.5508369153894774
1.547570619013307
1.5449365739777197
1.542981134812817
1.5416301508014294
1.5407803355968643
1.5411386565979197
1.5420573078690982
1.5433018208294456
1.5449875995850597
1.5493829929328073
1.55186142361956
1.5545618354904542
1.5573356575247244
1.5603822492115378
1.5637896976256285
1.5671232100044654
1.5704988795093784
1.5739557570670335
1.5831458640184244
1.5887558072458217
1.5948627765045502
1.600948152286744
1.613951296600185
1.6212791695413484
1.6294689951891828
1.6377942624402275
1.645921389953977
1.6541127872067494
1.6622127272480653
1.6706880753737343
1.6803682762731496
1.7019297799862356
1.7128930653040746
1.723249119666949
1.7340442502266986
1.7563945846330358
1.768140375833376
1.7813449313810954
1.7952069139373785
1.8085128649064282
1.8214669558773315
1.8347305866485681
1.8489909696731772
1.8655095408659845
1.8981582544651454
1.913718648868709
1.9290720534979513
1.9447761526064018
1.9749016324944222
1.989391642726649
2.004438411379028
2.018903844970758
2.033005333977623
2.047672687327499
2.061385522245287
2.076141051226092
2.0910624875868162
2.120904230404608
2.1370252268272982
2.1538877825111755
2.170865793571722
2.203524259660643
2.2180016470582893
2.2327380095889646
2.247644485038314
2.260750027454329
2.2752429694992053
2.29002772738841
2.3068909672151188
2.3198091407073225
2.349044749919831
2.3598842129028457
2.3724100356693096
2.3772106620912417
2.398286482768856
2.4027997825514134
2.412464094941394
2.419250298651162
2.426683945869548
2.43269486200682
2.437359758601421
2.44228542045786
2.446844394941037
2.4576517340219484
2.460534152852118
2.454905224447729
2.4537361841992054
2.4552155226321735
2.4451344552759995
2.44682922515141
2.436085817558623
2.427345234298213
2.42525469695238
2.417081512561792
2.407233353677562
2.3973711700374856
2.375979766014764
2.3655134561481432
2.35574811201321
2.345616248447623
2.328385667085724
2.3199649463271435
2.3135226070456003
2.3053587393885246
2.297060301596523
2.2882265362166008
2.2769804143243846
2.2672000440613718
2.258908093836212
2.2524502967966824
2.244690455547758
2.238412023893027
2.237225785551165
2.221112826403787
2.21584823133137
2.203703642895771
2.2068396231485083
2.191391432379765
2.1866616504107226
2.1709347985664187
2.173033323045485
2.166675725784512
2.1638497634649916
2.1641080131237054
2.1626864177764302
2.1569191237507557
2.161293403591245
2.1605525552402653
2.1595144300375977
2.161499176126164
2.1589436469267556
2.160371409387645
2.1615488179833036
2.1631804609416903
2.1631768514090113
2.165890787351151
2.166005020059727
2.1661742554181345
2.163777416788742
2.1539402014069835
2.1539050167974936
2.153641503853846
2.153557226931717
2.1534007744254255
2.1534308124075325
2.153417875909617
2.1535488550256234
2.1536145037359478
2.1535993201596946
2.1535432150705076
2.1536100691325513
2.153584275893444
2.1536013152895803
2.153595093489537
2.1535163063803187
2.153534868431687
2.1535215210005973
2.1534717303036706
2.15361233991252
2.153583329643948
2.1535488036453456
2.1535000445877652
2.1535611460857296
2.153545087797393
2.153549007486567
2.1535741104697603
2.1535075072791234
2.1536404442603847
2.1535386865749584
2.153529101113332
2.1535429972907547
2.1534996176119603
2.153538985132493
2.153605925565257
2.153523824131786
2.1535441931001253
2.1535475760921594
2.153526576905674
2.153469885586079
2.153544267678392
2.153637587352291
2.1536333326907724
2.153595823721372
2.1535438818434263
2.153603148883341
2.153602352576183
2.153561276844291
2.1535577084853212
2.1535165272561594
2.1536285396367085
2.153599254601456
2.153549150044541
2.1535039276373635
2.1536160553043944
2.153609480689528
2.1535786648589186
2.153553058984885
2.1536577927231515
2.1536103467133807
2.1536412690105604
2.1536845895288725
2.1536740683471876
2.1537432402620427
2.1536280939331647
2.1535283174471473
2.153617658764849
2.153579927432403
2.1536550228723397
2.1534993438798606
2.153576604483372
2.153554209499579
2.1535662613830744
2.153573847294768
2.1536411982332786
2.153636956056846
2.1535888175629876
2.153554880274329
2.1535815773648035
2.1536187659534463
2.1535594395208997
2.1536298694458815
2.1535322900794083
2.1536344355407437
2.153613631250286
2.1534892829646135
2.1535273563733157
2.153613028998351
2.153622027338637
2.153646675836659
2.153688116441491
2.153592073096909
2.1535425081814252
2.153526975597907
2.1536375079335803
2.153622929785456
2.153540334263235
2.1535806656696854
2.1535554582807794
2.1536230338540103
2.1536539653774915
2.1536228396307306
2.1535838018812417
2.153615838803515
2.153617772259357
2.153600925758971
2.1536200860318226
2.1535833683137207
2.1535935699905226
2.1535711935344133
2.153606444683188
2.15359426342527
2.153602381906285
2.1535782875559324
2.153537857952897
2.1535872873875403
2.1536846567692325
2.1536621456637537
2.1535920686015126
2.1536420184324565
2.1535862621275785
2.1535761959516475
2.153634445400233
2.1535899940229903
2.153648893371461
2.1535698264275087
2.1535706064379005
2.1536049472775987
2.153612656078525
2.153577474395776
2.1535823835593138
2.1535865179891025
2.15353361486414
2.153578357995714
2.153634401072538
2.1535583266002902
2.1536254307235154
2.153560491526717
2.153621670689569
2.1536441213305135
2.1536414750133828
2.1536427658720676
2.1536013749933884
2.1535958791495844
2.1535906497794004
2.1535237143196335
2.1536369621230484
2.1536370510818617
2.1535439350718417
