1.000155473701438
0.9510680884890976
0.9817477042468105
1.0799224746714915
0.9387962421860125
0.9510680884890977
0.9817477042468107
0.9633399347921829
1.748738098189631
0.9878836273983529
0.9940195505498954
0.9878836273983529
0.9633399347921827
0.9694758579437254
0.9694758579437253
0.9387962421860123
0.9878836273983528
0.9633399347921825
1.030835089459151
0.9387962421860125
0.9510680884890977
0.9449321653375552
0.9633399347921828
0.987883627398353
0.9694758579437255
0.9878836273983531
0.9633399347921827
1.012427320004523
0.9940195505498952
0.9449321653375546
0.9940195505498951
0.994019550549895
1.0553787820653209
1.0246991663076082
0.9940195505498954
0.9510680884890974
0.9510680884890973
0.9756117810952675
0.9756117810952674
0.9633399347921823
1.1106020904292038
0.9572040116406395
0.908116626428299
0.9203884727313842
0.6626797003665965
0.8958447801252141
0.9633399347921824
0.914252549579842
0.9387962421860123
0.9572040116406401
0.9633399347921826
1.0062913968529803
1.1474176293384597
1.0124273200045228
0.9756117810952676
0.9878836273983527
0.9940195505498952
1.0001554737014378
0.9940195505498952
0.9878836273983527
0.9817477042468101
0.9817477042468101
0.9817477042468101
0.9817477042468101
1.0001554737014378
1.1044661672776614
1.098330244126119
1.0492428589137783
0.9756117810952676
1.0553787820653207
0.9265243958829268
0.9449321653375546
0.9756117810952675
1.0001554737014375
0.9878836273983524
1.00629139685298
0.9572040116406397
0.9940195505498951
0.9633399347921823
0.9387962421860122
0.9940195505498953
0.95720401164064
0.9756117810952677
1.0062913968529803
0.9449321653375546
0.8897088569736716
0.9019807032767567
0.9019807032767566
0.8283496254582456
0.8099418560036181
0.8835729338221289
0.9572040116406396
0.9940195505498951
0.9326603190344696
0.9940195505498952
0.9081166264282994
0.8651651643675013
0.8774370106705867
0.9387962421860124
1.000155473701438
1.012427320004523
1.1474176293384595
1.1903690913992573
1.2394564766115979
1.141281706186917
0.9510680884890974
0.944932165337555
0.9940195505498955
0.8406214717613316
0.9203884727313849
0.9019807032767573
0.7976700097005336
0.7547185476397358
0.7179030087304804
0.779262240245906
0.7976700097005336
0.7731263170943634
1.0553787820653213
1.0369710126106937
0.8835729338221296
1.0492428589137788
1.0001554737014382
0.9940195505498957
0.9940195505498957
1.0062913968529805
1.0185632431560656
1.0799224746714908
1.0431069357622356
0.9326603190344693
1.4664856332186722
1.1106020904292035
1.1351457830353735
1.147417629338459
1.141281706186916
1.1780972450961713
1.313087554430108
1.2455923997631397
1.1780972450961715
1.208776860853884
1.2271846303085117
2.2825634123738325
1.1596894756415437
1.2640001692177674
1.2762720155208525
1.1228739367322884
1.2455923997631397
1.1965050145507994
1.2701360923693101
1.2640001692177676
1.2333205534600549
1.2885438618239382
1.4296700943094174
1.5462526341887262
1.632155558310322
1.8837284075235672
2.000310947402876
2.2886993355253766
2.546408107890165
2.773437264497239
3.172272269347506
3.5404276584400605
4.025165587411922
4.540583132141497
5.21553467881118
5.976389149602458
6.792466928757619
7.461282552275758
8.17918556100624
9.111845880040708
10.197904277863742
11.234875290474436
12.412972535570608
13.357904700908163
14.542137869155878
15.726371037403593
17.217400363228435
18.73910930481099
19.81289585633094
20.50625517245525
21.03394456348791
21.905245651006954
22.86244966264759
24.065090600349937
25.51316846411398
26.48878024520925
27.52575125781994
28.372508652732815
29.305168971767287
30.722567219773623
32.06633438996145
33.158528710936025
34.21390749300135
35.03612119530805
35.78470381979624
36.68054859992146
37.75433515144141
38.656315854718166
39.429442171812525
40.190296642603805
40.871384112425034
41.39907350345769
41.86540366297493
42.24583089837056
42.669209595827
43.01282129231338
43.37484075825439
43.68163691583152
43.97002530395402
44.20319038371264
44.32590884674349
44.411811770865086
44.40567584771354
44.38113215510737
44.221598153167264
44.00070491971173
43.66322914637689
43.38711260455747
42.96986983025258
42.58944259485693
42.07402505012736
41.62610266006475
41.08614142272901
40.509364646484
39.95099563969363
39.10423824478076
38.31270415823177
37.318684607681874
36.392160211798945
35.54540281688607
34.864315347064846
34.023693875303515
33.262839404512235
32.4651693948117
31.54478092208032
30.599848756742766
29.78990690073915
29.090411661463296
28.41546011479361
27.789595953336267
27.225091023394352
26.629906477694725
26.040857855146637
25.44567330944701
24.776857685928867
24.095770216107645
23.445362362044133
22.844041893192962
22.19363403912945
21.494138799853598
20.334449324212052
19.15635207911588
17.800313062624973
16.511769200801034
15.511613727099597
13.818098937273849
12.781127924663155
11.431224831323789
9.921787736044317
8.725282721493517
7.559457322700429
6.5347581563928205
4.963961829597924
3.4422528880153678
2.172116795646057
1.3008157081270126
0.47246608266876633
-0.4356505437595324
-1.7426021750380993
-3.1415926535898038
-4.743068596142413
-5.964117303299384
-7.240389318820237
-8.32644771664327
-9.694758579437263
-10.43106935762237
-11.29623452198987
-12.026409377023436
-12.701360923693118
-13.505166856545195
-14.266021327336475
-14.861205873036102
-15.345943802007966
-15.885905039343712
-16.33996335255786
-16.671303202741157
-17.008778976075998
-17.03945859183371
-17.284895517895414
-17.20512851692536
-17.22967220953153
-17.070138207591423
-16.787885742620464
-16.450409969285623
-16.027031271829188
-15.487070034493442
-14.9041573350969
-14.2844290967911
-13.701516397394556
-12.867030848784767
-12.19821522526663
-11.560079217506203
-10.921943209745775
-10.234719816773008
-9.572040116406411
-8.805049722463592
-7.995107866459973
-7.179030087304812
-6.473398924877417
-5.761631839298481
-5.190990986205022
-4.56512682474768
-3.8840393549264554
-3.2520392703175713
-2.607767339405602
-2.018718716857516
-1.4358060174609721
-1.0185632431560774
-0.6565437772150657
-0.36815538909256507
-0.16566992509166045
-0.024543692606181722
-0.024543692606181722
0.07976700097004219
0.14112623248546782
0.2454369260616914
0.33747577333482986
0.392699081698713
0.41110685115334067
0.435650543759511
0.44178646691105355
0.45405831321413875
0.39269908169871304
0.3620194659410002
0.46019423636568124
0.4786020058203089
0.5215534678811069
0.8099418560036076
0.6872233929727564
0.6442719309119583
0.6626797003665861
0.6872233929727565
0.6994952392758415
0.6933593161242989
0.7547185476397246
0.7608544707912671
0.7976700097005224
1.3683108627939808
0.9265243958829164
0.9019807032767462
0.8283496254582354
0.8651651643674908
0.8651651643674909
0.9633399347921721
0.9203884727313741
0.8406214717613207
0.8835729338221188
0.895844780125204
0.8835729338221189
0.908116626428289
0.9265243958829168
0.9142525495798317
0.8713010875190339
0.938796242186002
0.9817477042468
1.0001554737014275
1.0860583978230234
1.257864246066215
1.3560390164908962
1.4910293258248326
1.454213786915577
1.4235341711578642
1.3621749396424385
1.3192234775816403
1.2885438618239278
1.2333205534600444
1.2640001692177574
1.2701360923693
1.3437671701878107
1.3499030933393534
1.3805827090970662
1.288543861823928
1.2333205534600449
1.214912784005417
1.2087768608538745
1.1965050145507894
1.147417629338449
1.2455923997631302
1.3499030933393539
1.2946797849754705
1.386718632248609
1.3621749396424387
1.4112623248547795
1.5585244804918013
1.6444274046133969
1.7057866361288225
1.5278448647340879
1.5155730184310028
1.4664856332186624
1.4664856332186627
1.4051264017032368
1.2271846303085026
1.2271846303085028
1.337631247036269
1.270136092369301
1.2026409377023328
1.1903690913992477
1.19650501455079
1.2210487071569605
1.2026409377023328
1.1351457830353646
1.0921943209745666
1.0983302441261091
1.0799224746714815
1.1780972450961626
1.1351457830353646
1.1474176293384502
1.1474176293384504
1.1965050145507907
1.1965050145507907
1.306951631278557
1.1965050145507907
1.1903690913992484
1.2578642460662168
1.2455923997631317
1.2026409377023337
1.1535535524899934
1.1903690913992486
1.2026409377023337
1.2578642460662168
1.239456476611589
1.2701360923693017
1.1474176293384506
1.2333205534600464
1.2210487071569611
1.251728322914674
1.2087768608538758
1.2087768608538758
1.1842331682477056
1.2026409377023335
1.7303303287349938
1.2210487071569611
1.2333205534600462
0.9265243958829181
1.1903690913992484
1.2149127840054188
1.2455923997631315
1.270136092369302
1.2762720155208447
1.2333205534600467
1.2271846303085043
1.2824079386723872
1.2762720155208445
1.178097245096163
1.1719613219446203
1.2149127840054186
1.202640937702333
1.2271846303085034
1.1842331682477056
1.1719613219446205
1.245592399763131
2.153709026191431
1.2026409377023333
1.208776860853876
1.2885438618239295
1.165825398793078
1.178097245096163
1.1596894756415357
1.171961321944621
1.1780972450961638
1.1965050145507914
1.2701360923693021
1.1965050145507914
1.1044661672776532
1.1658253987930791
1.1228739367322813
1.2026409377023346
1.2271846303085048
1.1903690913992493
1.178097245096164
1.2885438618239302
1.208776860853877
1.21491278400542
1.2210487071569627
1.1965050145507923
1.2333205534600478
1.1842331682477072
1.2087768608538776
1.331495323884729
1.1780972450961646
1.2149127840054201
1.2640001692177607
1.2824079386723886
1.2824079386723886
1.2210487071569627
1.19036909139925
1.2087768608538774
1.3376312470362712
1.1842331682477072
1.2210487071569627
1.3683108627939844
1.2087768608538774
1.2517283229146756
1.1596894756415372
1.2333205534600478
1.159689475641537
