1.000155473701438
0.9510680884890975
0.9817477042468103
1.0799224746714913
0.9387962421860124
0.9510680884890975
0.9817477042468103
0.9633399347921826
1.748738098189631
0.9878836273983529
0.9940195505498954
0.9878836273983529
0.9633399347921826
0.9694758579437253
0.9694758579437253
0.9387962421860124
0.9878836273983529
0.9633399347921826
1.030835089459151
0.9387962421860124
0.9510680884890975
0.944932165337555
0.9633399347921826
0.9878836273983529
0.9694758579437253
0.9878836273983529
0.9633399347921826
1.012427320004523
0.9940195505498954
0.944932165337555
0.9940195505498954
0.9940195505498954
1.055378782065321
1.0246991663076084
0.9940195505498954
0.9510680884890975
0.9510680884890975
0.9756117810952678
0.9756117810952678
0.9633399347921826
1.1106020904292042
0.9572040116406401
0.9081166264282996
0.9203884727313847
0.662679700366597
0.8958447801252144
0.9633399347921826
0.9142525495798421
0.9387962421860124
0.9572040116406401
0.9633399347921826
1.0062913968529805
1.1474176293384597
1.012427320004523
0.9756117810952678
0.9878836273983529
0.9940195505498954
1.000155473701438
0.9940195505498954
0.9878836273983529
0.9817477042468103
0.9817477042468103
0.9817477042468103
0.9817477042468103
1.000155473701438
1.1044661672776617
1.0983302441261191
1.0492428589137786
0.9756117810952678
1.055378782065321
0.9265243958829272
0.944932165337555
0.9756117810952678
1.000155473701438
0.9878836273983529
1.0062913968529805
0.9572040116406401
0.9940195505498954
0.9633399347921826
0.9387962421860124
0.9940195505498954
0.9572040116406401
0.9756117810952678
1.0062913968529805
0.944932165337555
0.8897088569736719
0.9019807032767571
0.9019807032767571
0.8283496254582462
0.8099418560036186
0.8835729338221293
0.9572040116406401
0.9940195505498954
0.9326603190344698
0.9940195505498954
0.9081166264282996
0.8651651643675016
0.8774370106705868
0.9387962421860124
1.000155473701438
1.012427320004523
1.1474176293384597
1.1903690913992575
1.239456476611598
1.141281706186917
0.9510680884890975
0.944932165337555
0.9940195505498954
0.8406214717613314
0.9203884727313847
0.9019807032767571
0.7976700097005334
0.7547185476397354
0.7179030087304801
0.7792622402459057
0.7976700097005334
0.7731263170943632
1.055378782065321
1.0369710126106935
0.8835729338221293
1.0492428589137786
1.000155473701438
0.9940195505498954
0.9940195505498954
1.0062913968529805
1.0185632431560658
1.0799224746714913
1.043106935762236
0.9326603190344698
1.4664856332186729
1.1106020904292042
1.1351457830353744
1.1474176293384597
1.141281706186917
1.1780972450961724
1.3130875544301088
1.2455923997631406
1.1780972450961724
1.2087768608538851
1.227184630308513
2.282563412373834
1.1596894756415448
1.2640001692177683
1.2762720155208536
1.1228739367322893
1.2455923997631406
1.1965050145508
1.2701360923693108
1.2640001692177683
1.2333205534600555
1.2885438618239387
1.4296700943094176
1.5462526341887264
1.6321555583103222
1.8837284075235674
2.000310947402876
2.2886993355253766
2.5464081078901644
2.773437264497239
3.172272269347506
3.54042765844006
4.025165587411922
4.540583132141498
5.21553467881118
5.976389149602458
0.5092816215780329
1.1780972450961724
1.8960002538266525
2.8286605728611223
3.9147189706841563
4.95168998329485
6.129787228391022
0.7915340865489908
1.9757672547967058
3.160000423044421
4.651029748869264
6.17273869045182
0.9633399347921826
1.6566992509164924
2.184388641949153
3.055689729468197
4.0128937411088375
5.21553467881118
0.380427235395639
1.3560390164909069
2.3930100291016
3.2397674240144743
4.172427743048944
5.589825991055276
0.6504078540635119
1.7426021750380885
2.7979809571034093
3.6201946594101133
4.368777283898306
5.264622064023521
0.05522330836388308
0.9572040116406401
1.7303303287350031
2.4911847995262812
3.172272269347506
3.6999616603801666
4.166291819897402
4.546719055293041
4.970097752749477
5.313709449235861
5.675728915176872
5.982525072754001
6.270913460876501
0.22089323345553233
0.3436116964863836
0.4295146206079795
0.42337869745643697
0.3988350048502667
0.23930100291016002
0.018407769454627694
5.964117303299373
5.688000761479957
5.270757987175063
4.890330751779424
4.374913207049849
3.9269908169872414
3.3870295796514958
2.8102528034064944
2.2518837966161214
1.4051264017032472
0.6135923151542565
5.902758071783947
4.97623367590102
4.129476280988146
3.448388811166921
2.60776733940559
1.846912868614312
1.0492428589137786
0.12885438618239387
5.4671075280244255
4.657165672020807
3.9576704327449543
3.2827188860752723
2.6568547246179306
2.0923497946760143
1.4971652489763858
0.9081166264282996
0.3129320807286708
5.927301764390117
5.246214294568893
4.595806440505381
3.9944859716542096
3.3440781175906977
2.6445828783148455
1.4848934026733007
0.30679615757712825
5.2339424482658075
3.9453985864418692
2.945243112740431
1.2517283229146832
0.21475731030398976
5.148039524144211
3.6386024288647407
2.442097414313941
1.2762720155208536
0.25157284921324513
4.963961829597935
3.442252888015379
2.172116795646068
1.3008157081270237
0.4724660826687775
5.8475347634200645
4.540583132141498
3.141592653589793
1.5401167110371838
0.3190680038802134
5.325981295538946
4.239922897715912
2.8716120349219203
2.1353012567368124
1.2701360923693108
0.5399612373357456
6.14819499784565
5.344389064993574
4.583534594202296
3.988350048502667
3.5036121195308043
2.9636508821950587
2.509592568980909
2.1782527187976104
1.8407769454627694
1.8100973297050567
1.564660403643354
1.6444274046134073
1.6198837120072371
1.7794177139473437
2.061670178918302
2.399145952253143
2.82252464970958
3.3624858870453256
3.9453985864418692
4.565126824747668
5.148039524144211
5.982525072754001
0.36815538909255385
1.0062913968529805
1.6444274046134073
2.3316507975861747
2.9943304979527716
3.761320891895592
4.571262747899211
5.387340527054372
6.092971689481767
0.521553467881118
1.0921943209745766
1.718058482431918
2.399145952253143
3.031146036862027
3.6754179677739964
4.264466590322082
4.847379289718626
5.264622064023521
5.626641529964532
5.915029918087033
6.117515382087937
6.258641614573416
6.258641614573416
0.07976700097005335
0.14112623248547898
0.2454369260617026
0.3374757733348411
0.39269908169872414
0.4111068511533518
0.4356505437595221
0.44178646691106466
0.4540583132141498
0.39269908169872414
0.3620194659410113
0.46019423636569234
0.47860200582032003
0.521553467881118
0.8099418560036186
0.6872233929727672
0.6442719309119693
0.662679700366597
0.6872233929727672
0.6994952392758523
0.6933593161243098
0.7547185476397354
0.760854470791278
0.7976700097005334
1.368310862793992
0.9265243958829272
0.9019807032767571
0.8283496254582462
0.8651651643675016
0.8651651643675016
0.9633399347921826
0.9203884727313847
0.8406214717613314
0.8835729338221293
0.8958447801252144
0.8835729338221293
0.9081166264282996
0.9265243958829272
0.9142525495798421
0.8713010875190442
0.9387962421860124
0.9817477042468103
1.000155473701438
1.086058397823034
1.2578642460662257
1.3560390164909069
1.4910293258248433
1.4542137869155878
1.423534171157875
1.3621749396424494
1.3192234775816514
1.2885438618239387
1.2333205534600555
1.2640001692177683
1.2701360923693108
1.3437671701878218
1.3499030933393643
1.380582709097077
1.2885438618239387
1.2333205534600555
1.214912784005428
1.2087768608538851
1.1965050145508
1.1474176293384597
1.2455923997631406
1.3499030933393643
1.2946797849754812
1.3867186322486196
1.3621749396424494
1.41126232485479
1.5585244804918115
1.6444274046134073
1.705786636128833
1.5278448647340985
1.5155730184310134
1.4664856332186729
1.4664856332186729
1.4051264017032472
1.227184630308513
1.227184630308513
1.337631247036279
1.2701360923693108
1.2026409377023426
1.1903690913992575
1.1965050145508
1.2210487071569704
1.2026409377023426
1.1351457830353744
1.0921943209745766
1.0983302441261191
1.0799224746714913
1.1780972450961724
1.1351457830353744
1.1474176293384597
1.1474176293384597
1.1965050145508
1.1965050145508
1.3069516312785663
1.1965050145508
1.1903690913992575
1.2578642460662257
1.2455923997631406
1.2026409377023426
1.1535535524900022
1.1903690913992575
1.2026409377023426
1.2578642460662257
1.239456476611598
1.2701360923693108
1.1474176293384597
1.2333205534600555
1.2210487071569704
1.2517283229146832
1.2087768608538851
1.2087768608538851
1.184233168247715
1.2026409377023426
1.7303303287350031
1.2210487071569704
1.2333205534600555
0.9265243958829272
1.1903690913992575
1.214912784005428
1.2455923997631406
1.2701360923693108
1.2762720155208536
1.2333205534600555
1.227184630308513
1.282407938672396
1.2762720155208536
1.1780972450961724
1.1719613219446299
1.214912784005428
1.2026409377023426
1.227184630308513
1.184233168247715
1.1719613219446299
1.2455923997631406
2.1537090261914402
1.2026409377023426
1.2087768608538851
1.2885438618239387
1.1658253987930873
1.1780972450961724
1.1596894756415448
1.1719613219446299
1.1780972450961724
1.1965050145508
1.2701360923693108
1.1965050145508
1.1044661672776617
1.1658253987930873
1.1228739367322893
1.2026409377023426
1.227184630308513
1.1903690913992575
1.1780972450961724
1.2885438618239387
1.2087768608538851
1.214912784005428
1.2210487071569704
1.1965050145508
1.2333205534600555
1.184233168247715
1.2087768608538851
1.3314953238847365
1.1780972450961724
1.214912784005428
1.2640001692177683
1.282407938672396
1.282407938672396
1.2210487071569704
1.1903690913992575
1.2087768608538851
1.337631247036279
1.184233168247715
1.2210487071569704
1.368310862793992
1.2087768608538851
1.2517283229146832
1.1596894756415448
1.2333205534600555
1.1596894756415448
