1.8164411208301852
1.8165524788465024
1.8162829978666275
1.8166206955561008
1.8164744496634795
1.8166061992667157
1.816675307047185
1.8167723499899517
1.8167588881082535
1.8169661568022042
1.8171479423046215
1.817086921068393
1.8171794508674908
1.8171620572670635
1.817286741355491
1.817280179522013
1.8173521672474977
1.8173898468756304
1.8173895935707478
1.8173094948704709
1.8173305984829042
1.8173338017004967
1.8172601878947776
1.8171872598380274
1.8173406217130375
1.8173616181266397
1.8173331445538394
1.8172669735137463
1.8173908272650288
1.817263314269303
1.817412415549449
1.8172956645164409
1.817366994297604
1.8172971034481669
1.8173243784469024
1.8172177546292536
1.817320613408966
1.8173266372308805
1.817328871154578
1.8172785329170533
1.8172784418583
1.8173230454360596
1.8173998262995819
1.817399403458732
1.8173711834812514
1.8173775282983138
1.8171955022038133
1.8173348015788435
1.8173213704080047
1.817272983849688
1.8172204013541118
1.8173848665915204
1.8173415076719326
1.817332600899185
1.8173741677385091
1.8173785257952275
1.8174375934367686
1.8173239808575712
1.81733386014432
1.817471924626499
1.817329797759921
1.8173324606652193
1.8173024349009916
1.8173290803326945
1.8173249002235323
1.8173948492851133
1.8173568595669047
1.8173950263186005
1.81730157436516
1.8173608674713997
1.8174485558608864
1.8173233239029665
1.8174186265025682
1.8172800479328082
1.8173803156268653
1.8174239928427902
1.817364562864567
1.817317945197522
1.8173120731714036
1.8172865843505615
1.8172884011110197
1.8173666696848527
1.8173606908144833
1.8172814750187045
1.817274846334843
1.8172878417528522
1.817325629057911
1.8173237594197538
1.8172388949605311
1.817173448603194
1.8171918878863433
1.8172340317413613
1.8172815257452004
1.8172209390764693
1.8172818209406345
1.8173016842979017
1.8173229687047043
1.8171352442232687
1.817164442603281
1.8171178501875518
1.8172012352783693
1.8172696449185393
1.8172772747951191
1.817274939089458
1.8172718108524142
1.8172113251890583
1.8171049711425937
1.8172632844509062
1.8170956502353095
1.817158260936294
1.8172037108342387
1.8172607536157006
1.8171736538138648
1.8172384021203745
1.8171099792177245
1.8171095116390212
1.8172727769568917
1.8171319228965501
1.8172246590776018
1.8172393676346394
1.8171866955339848
1.8172823763667074
1.8172132308048063
1.8172266704348101
1.8171332367108164
1.817243815068785
1.8172611683763196
1.8171984122729106
1.8171312158036408
1.8172069179588297
1.817343859182015
1.8171930990756027
1.8170887186174485
1.8172185315134406
1.8171152613621904
1.817160085302513
1.817304661670045
1.8172382737942971
1.8171044887530223
1.8171371840071764
1.817134771297106
1.8170498318954302
1.8172311593014394
1.8198851122140547
1.8280393033076219
1.8283473655906093
1.8281948945837616
1.8160230266797608
1.8161611485844027
1.8190098042173553
1.8200992510572238
1.8173348689731685
1.831290329860591
1.819749366561712
1.8193071538263772
1.819457524473661
1.8187941746652014
1.8132687597160315
1.8026157580368063
1.8018879767947762
1.7994398665631142
1.786934655671423
1.7801404976758126
1.7671307981307
1.7603400764715902
1.7518909552209405
1.7444576475526201
1.7322121238282633
1.7222830498334436
1.7100377993301585
1.6978994077989618
1.685714753677199
1.672552043228209
1.631609862622576
1.615813782425917
1.6008573065873437
1.5837764087062793
1.569043432431052
1.5541794889340652
1.5387722043873724
1.5244991149133087
1.509955027587726
1.480708983005583
1.4659426710155172
1.4501396117513088
1.4331213620765502
1.4002290444373355
1.3819769851158368
1.3628592506262382
1.345822305862124
1.3274866769430704
1.3109741813098092
1.2935453581367524
1.2787030802690713
1.2620207575794828
1.2365611696336396
1.2265850583587385
1.2150789722875246
1.205589043499313
1.1969359154013466
1.1894927376175388
1.1742305364320886
1.168121637737495
1.1614898309185389
1.1572926052338979
1.1532180552104403
1.1495275707557473
1.1472708255162025
1.1444335070207572
1.144700933324936
1.1448119360206075
1.14433956827644
1.1446466382576244
1.1462322778867429
1.1501144943405466
1.1540719245301454
1.1578246247120583
1.162289381328589
1.1724107918486983
1.1782377337924943
1.1842819950291203
1.1908045179092255
1.1974200711027727
1.2044519206618531
1.2124345354107027
1.2214415958124316
1.2305138407716705
1.248635435376455
1.2609497128710099
1.2732742002579904
1.2857094402854448
1.3097960744885702
1.3215825015416307
1.3335395134429515
1.3450204710038345
1.3564431609760192
1.3671426782225313
1.3770693610713314
1.3868184399344976
1.3981122563519572
1.4213445450733309
1.4325503768296268
1.4438675622868717
1.4546851317012721
1.4654742755407215
1.4768770538208797
1.4891136169179942
1.5006206379150844
1.5136424217987234
1.5278118286363278
1.5427139804455985
1.5773642411568798
1.595593404833411
1.6279500794454704
1.6431460287504156
1.6593861283460725
1.6909503271160604
1.706767469929946
1.7216744381182563
1.7385350207387114
1.7537294670766839
1.771778717297246
1.7874351699332092
1.8208133028026114
1.8373634988533976
1.8690882450929527
1.8889246311672876
1.9055665723517077
1.9240203135601066
1.9418311461341582
1.957712543529594
1.9772728396082409
1.9957385898211124
2.001444922061522
2.024550959417404
2.030758370978682
2.057508875125256
2.0794711211685692
2.0907331061528933
2.1143912119203843
2.118177702986543
2.1383317626419274
2.146432202496855
2.146708494553108
2.1524705186793787
2.150422325806087
2.1560741323521495
2.1757190361870054
2.1777497963478663
2.168420912325757
2.1663042577129734
2.161362892199947
2.1663046429047714
2.1488154504036054
2.14676672466543
2.1349390898344462
2.1194783505839108
2.1026465991513894
2.0932613659045747
2.077771923551697
2.0702238605784378
2.046928579029221
2.041525395351009
2.023679725131124
2.01484688945158
2.004369676172217
1.9914477454794826
1.9861013841243715
1.9744112189400251
1.963035265731019
1.9446389452032538
1.9366206254050482
1.9321948765540369
1.9270574442631798
1.9054423574128063
1.886591363708708
1.8809653929855805
1.8694266107335717
1.8620809912144813
1.8541913502125618
1.8561442525215937
1.8520996516725354
1.843865626535171
1.838521185841355
1.8422666988721574
1.8416650558094736
1.8363226328940865
1.8380290989278412
1.8278640768869252
1.8340975218931628
1.8348239889883182
1.8319933940718247
1.827277757653828
1.831087331501856
1.8325248641856833
1.823395789731604
1.8237659137184747
1.8303550082630518
1.8168515619573449
1.8299178147335047
1.816008224327771
1.821530126213542
1.8200312829599006
1.8141240701837409
1.8142098624578091
1.8163452330635537
1.8188894062002203
1.820455476023404
1.8192876750641407
1.8192989947200644
1.8170515534705916
1.8167815865286125
1.8164729640428727
1.816062908203769
1.8160493290309445
1.8182640862380999
1.8192248040689725
1.8178134469544889
1.816409362799305
1.8177232931183696
1.8177677123447908
1.820141082762186
1.8188823721004332
1.8192267971628342
1.815944193282917
1.815748577115634
1.816084368801611
1.8178144057915242
1.8186441433665554
1.8188746856684856
1.819646577743505
1.8191165583217987
1.8193925794927324
1.8171637199040718
1.8161353727534753
1.8160137657985924
1.8158073451526124
1.8161657195502052
1.8167052562292356
1.8176466052149303
1.8185775030529094
1.8174754020310389
1.8167249352970252
1.816461226782121
1.8164528398594295
1.816221283990985
1.816457294379745
1.816461580199344
1.8164641653216154
1.8164560307770194
1.8164424802257215
1.8163255328539385
1.816006158395917
1.8160264513924633
1.8165389370222769
1.8165471485394753
1.8163975742387317
1.8163455352362217
1.8162964919183946
1.8162783638904996
1.8163770555564027
1.816036105732344
1.8162422163550596
1.8163892941933857
1.8165727643268545
1.8163047709120475
1.8163650706512302
1.8160342837426224
1.816074386791036
1.8163677371899047
1.8159475396950548
1.816154884710793
1.8160222358940892
1.816374472378611
1.8159137645624108
1.8162484417379015
1.8163847307993655
1.8161775079053588
1.8161063764849934
1.8161062189073753
1.8166585388607772
1.816421139015165
1.8161025108767272
1.816371075870024
1.8161746699952706
1.816062779263076
1.8161889576574635
1.8162337022868595
1.8163588686234062
1.8160189546658156
1.816326254745086
1.8164047613804786
1.8163116147372127
1.8164528237439697
1.8159354525860463
1.8160845875443143
1.8163334692583117
1.816332458894055
1.8159027752879953
1.8160214344892185
1.8162161715763576
1.8164130912172287
1.8163052011207648
1.8161933137964592
1.8163214324010117
1.8160523245746214
1.8158669399695386
1.8162622373288755
1.8162787104514135
1.816244861714932
1.816295302701918
1.8161534835809865
1.8162684518429655
1.8162896720279373
1.8162357029966598
1.8162960947459539
1.8163505396004027
1.8163163896941192
1.8162960920403368
1.816448516614296
1.8164794977410403
1.816413240320247
1.816475866940078
1.8162474433380067
1.8161068416116022
1.8160416093730354
1.8163707427670979
1.8162697822097364
1.8161332191094122
1.816308003696262
1.8161236162212846
1.8162519595779967
1.8160962146354775
1.8163937576138673
1.8163601811615029
1.8161344184731214
1.8162909311242692
1.816351179768918
1.8164146628470792
1.816138286972564
1.8165459350277806
1.816354528335337
1.8163530670364665
1.816338335773663
1.8163698358778833
1.8162214787260265
1.8163352105861863
1.8164555817034023
1.8162854258078804
1.8162513943562637
1.816490857456396
1.8163390136454778
1.816239242813674
1.8163917996465602
1.8159473213393782
1.8163298073839356
1.8163482624323393
1.8161847462484308
1.816205130152173
1.816414417454197
1.8165431663184435
1.8163446124069353
1.8161273495394457
1.816378683192287
1.81604143218784
1.816425030515203
