1.753884579365349
1.7537837286561735
1.7536406838461847
1.7536126515242771
1.7539966888584635
1.7540259380212357
1.7542038165823268
1.7546520665571657
1.7546392497159589
1.7548334307669393
1.7550976300850116
1.755244619210601
1.7551374890841782
1.7550620493132365
1.7548783754217678
1.755155242751005
1.7552045078615501
1.7550791783405522
1.7552340774575796
1.7553892594991938
1.7552585108564114
1.7552273002104848
1.7551851074590412
1.7555045456385097
1.755363235597571
1.7551662798900027
1.7555194093354975
1.755484221965548
1.7552967258268952
1.755366637970692
1.7554267880845522
1.7551768492470987
1.755091515301352
1.7555107151091813
1.7555641069310906
1.7554637132917827
1.755189011512879
1.7553092970682316
1.7553765594198372
1.7553239957709077
1.7555107276548898
1.7555201453650118
1.7554953463383487
1.7552083068437188
1.755348145103104
1.7553489007480196
1.7554907155637283
1.7552853637112849
1.7552981826929976
1.755465988211201
1.755371271989899
1.755470504892389
1.7552223844712245
1.755569982756173
1.7555043413146596
1.755479685575989
1.7549715499344003
1.7555240983447915
1.7555075911145799
1.7552388346563526
1.7556860594676005
1.7555387328495127
1.7555470269428057
1.7556862282209138
1.7556127906606118
1.7557160816922592
1.755404818375946
1.7555517163998662
1.7556636626903983
1.7556228783825676
1.7556626725925635
1.7555316617239827
1.7554680532977767
1.755463212696161
1.7554292559082934
1.7553658328808954
1.7553720276273017
1.7555774897587175
1.7552571007630557
1.7552740342149127
1.7553534262984805
1.7553693260622252
1.755188290420154
1.7552664847036372
1.7552872210841373
1.7552770138061142
1.7553084243458528
1.7555728287569514
1.755439995971148
1.7554097913784519
1.7552906673767892
1.755427597305967
1.7552541535693726
1.7556194246723322
1.7551751143470429
1.7554750234821082
1.7554801289645128
1.7553891970029458
1.7552227637645976
1.7553625874901053
1.7553451184790825
1.7555600064254673
1.7553424903203774
1.7549373150146994
1.755652657629468
1.755481406767537
1.7551597407018986
1.7553073172019806
1.7553126469839635
1.7553297781897055
1.755314576849968
1.7552022193547039
1.755540753151281
1.7555276744340549
1.7555258394857345
1.7553275539701543
1.7556091583759394
1.7552615101416638
1.7551663662104084
1.7551746234805845
1.75522657456966
1.755323930164467
1.755437698562168
1.755403304660007
1.7549150246408862
1.7548660997491894
1.7550418060286934
1.755281163584188
1.754815064731648
1.7553550656456276
1.7551952109967117
1.7553757195337896
1.755215082503434
1.7553337752641411
1.755177210259987
1.7550343178137189
1.7552883007347853
1.7555605588599419
1.7552477546678866
1.7553972956676012
1.755480923615975
1.755502620625908
1.7554773474818273
1.755517715025803
1.7557877631938232
1.7553285733369657
1.7612336713845145
1.7548666042730423
1.7540416278408542
1.754164528361963
1.753846415346261
1.7527177023522371
1.7480456033665774
1.7455661154484357
1.740841542021141
1.7388075630025617
1.7323400866597036
1.7328430633851264
1.7193564245959405
1.7063615673332215
1.713657185518588
1.6826565920396592
1.6778989775383313
1.6632963894045976
1.6515191104678464
1.6298271792912526
1.6211929573405566
1.6039827288278528
1.5862096287689733
1.5728321071857279
1.5553133500444465
1.5410038851285577
1.508217809609469
1.4895374043651841
1.474648660072531
1.4571888693684136
1.4398276410425077
1.4262477041556565
1.398369840202993
1.3778346733713014
1.370166495805785
1.3510564751674794
1.3392973722278152
1.3209551721854238
1.294825674468909
1.2770162940081644
1.263139566676423
1.2492104940505917
1.2368008290318986
1.2191374464008058
1.205087133695964
1.1810017670740411
1.1688289186278609
1.1560406941233037
1.1447342967122627
1.1335740024434016
1.1228254251909344
1.1032171469607484
1.0938067763686694
1.0836978664989574
1.0731065071991863
1.0647802352565747
1.0560199853694838
1.03224151727809
1.0232088747321018
1.017555834287128
1.0094038939860495
1.002432469253972
0.9947904864786856
0.9880730827506599
0.9818781059870046
0.9748448787905994
0.9595073448030313
0.9519858217474116
0.9452524660679475
0.9387390812180499
0.9325258886534822
0.9272084655399208
0.9226896141578889
0.9195399210574021
0.9176614213304831
0.9166743196069672
0.9160257121609858
0.9156448705427196
0.9159646157068632
0.9188180479382292
0.921436944526321
0.924669758236965
0.9279202723160618
0.9317282587280241
0.9356166144962687
0.9458883937565604
0.9524202078701995
0.9592618864398808
0.9663667975320888
0.9742827496891046
0.982274802396626
0.9906300388829745
1.0062863702525486
1.0145337791283897
1.0234519352546165
1.0329902653242533
1.0428924457493252
1.0527961609268714
1.0726622370151428
1.082380627599358
1.091831900989845
1.1012078946947552
1.1187403211447964
1.1271509257212067
1.1349754314409315
1.1430487281034125
1.1509398027915803
1.1590534899805782
1.1672393587042678
1.1765200037875863
1.1856419410832162
1.2052442859693533
1.2148878351793069
1.2243071941309935
1.234364551212564
1.2572884476973991
1.2689570172037592
1.2806493804884762
1.292844537583655
1.306616984730611
1.320502338174289
1.348503164731406
1.361923744185695
1.3748789662324168
1.3869495924350497
1.3994103726908855
1.4121288057180252
1.4254062146544784
1.4387980665204063
1.452703848850248
1.4811124236737816
1.4948010380227512
1.5101932548467172
1.5256360156270146
1.556873643848665
1.5718431817064127
1.587670927001283
1.6022843356055279
1.6155255437559906
1.6314882527599561
1.6468658777043728
1.673985696499216
1.6860892784235757
1.6987214655862253
1.7103604655014761
1.720754875762641
1.7324924463361386
1.7526702218362924
1.7638855782124394
1.772224650385782
1.7817996167940782
1.791198210282601
1.8018300902031996
1.8110568874273292
1.8208691568870368
1.8334347722702578
1.8547484843331472
1.8664225892181903
1.877439589575513
1.8914539524340697
1.9155168608696087
1.9253898693374465
1.9363814875275698
1.9487294933049761
1.961126522439115
1.9735124884462678
1.9855282398215364
1.9954877547219951
2.0084365686911245
2.0279017433979187
2.0374713250740064
2.047671691697094
2.0585326853184367
2.0784477185000787
2.0887288600257006
2.0986906731245445
2.108764823517533
2.1183197945093
2.1235603190423724
2.1316486272893513
2.1427890492896204
2.1485516708952725
2.1616142503015436
2.167114234806321
2.17311266076723
2.1741843797675036
2.1802429245521826
2.1818826585638846
2.180363709519943
2.178596376522686
2.1769442486723936
2.169238698182401
2.1680887037343646
2.157493923610199
2.1556268789382815
2.141105167643403
2.132744062912325
2.1244197911740335
2.115726669005646
2.0992648029598238
2.0857031980667715
2.074499561806734
2.0652577130449634
2.0548172943090988
2.040342512901513
2.0291107505113293
2.0143397035065598
2.0015812467124934
1.9775479728336889
1.967902311223194
1.9478909928701253
1.942271987077157
1.9282595828223894
1.918534587015458
1.9086296772751472
1.9042199874658576
1.8934436394692038
1.8793449752406468
1.8702053713003786
1.8689209504254445
1.856274192453748
1.835858617092987
1.8254572163071254
1.8151429761626532
1.809075759362693
1.7975172797957761
1.796899297934383
1.7946969460079043
1.7934636293957658
1.788429257950095
1.7944381630458155
1.788684015113715
1.7883522377099699
1.7872375795588258
1.7877035414566194
1.786331410923419
1.785321763736603
1.7831112207206474
1.7768451587098528
1.7877848811932449
1.7873137562421202
1.7804191525696467
1.7781417650435194
1.7765346827841284
1.7764858501278349
1.7735450346679205
1.7753680283266429
1.7776915130626219
1.778210474050651
1.778081957563258
1.7772878110660577
1.7731229671316013
1.7761216978015673
1.776670567148583
1.776157658104703
1.7745713434128114
1.7745236906841613
1.7738550006507592
1.7743969453730846
1.774414932331593
1.774353795566942
1.7746952403192742
1.7736902856691874
1.7742662278041403
1.7746630284169789
1.7747908094705203
1.7740942438850706
1.7746394061662891
1.7758146512434378
1.7742409387839098
1.7741402719783723
1.7747383049464796
1.774177510479481
1.7742065411722137
1.7736819071121324
1.7728764278346743
1.7736710515262522
1.7735542044949388
1.7742672086923463
1.7740265849054173
1.774020290195739
1.7738183790529636
1.77378337768991
1.7734592004989966
1.7732097654224377
1.773680442203583
1.7741466924319373
1.774374992577871
1.7739804068582166
1.7741665635280228
1.7745499771412758
1.7737568356007059
1.7737499360097226
1.7740585143011223
1.7735740155942146
1.774043141366373
1.7738294029993757
1.7749652776391478
1.7742009301630675
1.7750762561577471
1.7750900179305114
1.7741628691311957
1.7742314755158495
1.7749550581319717
1.7746414756640325
1.7747195997771572
1.7746888616958918
1.7739237295992627
1.774264030223226
1.7744398148367033
1.7746988332445455
1.7744962619281002
1.7750370849531694
1.7742580593751862
1.7744208707632823
1.774059084414924
1.7738840163856038
1.77442494476927
1.774489011312776
1.7746704479968989
1.7743016999535925
1.7744479934069735
1.7742713188689012
1.7736206589962256
1.7735149666503767
1.7747554313041352
1.7745272996804184
1.7740651673729533
1.774445572651845
1.7749332155665198
1.775139958935076
1.774396517979336
1.7743034398123179
1.7752094847742157
1.774263933843132
1.7740101970886852
1.7733331740282103
1.7729556434585376
1.773455385000524
1.7734234253324261
1.7735418880131602
1.7730780520801026
1.7732271870598897
1.7731882020371286
1.774125522025438
1.7739458878968606
1.7741492683117341
1.7736973003564034
1.773145532063543
1.773315197431173
1.7732062286477477
1.7737342973625143
1.7734883423880503
1.7735210755931758
1.7737489327053049
1.7739287753029387
1.7736378962874346
1.7735916567225511
1.773509433015387
1.7735987204452601
1.7734809314001907
1.774059280749341
1.7736992265604934
1.7732980419276756
1.7735352935105269
1.7740107156528337
1.7740954465196468
1.7746456781545568
1.7735286339348597
1.7731132021718496
1.7742580511584
1.773852284671058
1.7740526075210992
1.7742986808041528
1.7736663014662322
1.7744337991958186
1.7739528970875196
1.7742489288677457
