0.32520392703175593
0.2945243112740431
0.28838838812250056
0.28838838812250056
0.31293208072867074
0.3252039270317559
0.337475773334841
0.3252039270317559
0.3067961575771282
0.3129320807286707
0.3190680038802132
0.30066023442558554
0.31293208072867074
0.30679615757712814
0.30679615757712814
0.32520392703175577
0.30066023442558554
0.294524311274043
0.3067961575771282
0.31906800388021334
0.30066023442558554
0.28838838812250045
0.3067961575771282
0.30679615757712814
0.2883883881225005
0.2945243112740431
0.2761165418194155
0.29452431127404316
0.2945243112740431
0.2699806186678728
0.30066023442558565
0.282252464970958
0.2822524649709581
0.2577087723647879
0.0920388472731386
0.25770877236478784
0.2945243112740432
0.2761165418194155
0.2883883881225006
0.282252464970958
0.3006602344255857
0.30066023442558565
0.28838838812250056
0.32520392703175593
0.2822524649709579
0.25157284921324513
0.25157284921324513
0.26384469551633033
0.282252464970958
0.27611654181941553
0.2822524649709581
0.3129320807286709
0.3129320807286709
0.29452431127404327
0.2638446955163304
0.28838838812250067
0.2761165418194155
0.30679615757712825
0.26384469551633033
0.282252464970958
0.2577087723647878
0.2761165418194155
0.29452431127404316
0.26998061866787293
0.25770877236478784
0.3313398501832986
0.26998061866787293
0.30066023442558576
0.3190680038802135
0.28838838812250067
0.24543692606170275
0.2822524649709582
0.2577087723647879
0.2761165418194156
0.2454369260617028
0.23316507975861767
0.25157284921324535
0.23930100291016027
0.2883883881225008
0.24543692606170275
0.26384469551633044
0.2945243112740432
0.32520392703175605
0.32520392703175605
0.3436116964863838
0.3374757733348412
0.30679615757712836
0.2331650797586176
0.2577087723647879
0.1656699250916494
0.171805848243192
0.15339807878856435
0.21475731030398995
0.2393010029101602
0.2270291566070751
0.171805848243192
0.2086213871524474
0.3252039270317561
0.4356505437595223
0.4970097752749479
0.5399612373357457
0.6442719309119695
0.7179030087304803
0.5706408530934586
0.3620194659410114
0.2761165418194155
0.37429131224409645
0.5338253141842031
0.5706408530934584
0.6381360077604267
0.7240389318820224
0.7301748550335649
0.7240389318820224
0.7363107781851075
0.74244670133665
0.785398163397448
0.883572933822129
0.8406214717613311
0.883572933822129
0.8897088569736714
0.8406214717613308
0.7976700097005329
0.7608544707912777
0.6626797003665966
0.6442719309119691
0.6749515466696818
0.687223392972767
0.5829126993965436
0.47246608266877743
0.3681553890925538
0.28838838812250056
0.23930100291016
0.14726215563702152
0.10431069357622358
0.07976700097005332
0.05522330836388306
0.0490873852123405
0.036815538909255374
-1.3877787807814457e-17
-0.03681553890925571
-0.04295146206079803
-0.030679615757712497
-0.012271846303085532
-0.018407769454627854
-0.018407769454627854
-0.04908738521234035
-0.006135923151542322
0.03681553890925571
0.061359231515425966
0.0736310778185111
0.13499030933393671
0.26998061866787315
0.3681553890925542
0.5522330836388312
0.8038059328520765
1.0369710126106937
1.4419419406125031
1.963495408493621
2.6077673394055902
3.3808936564999534
4.184699589352029
5.013049214810275
5.780039608753096
6.430447462816608
7.080855316880119
7.866253480277567
8.817321568766666
9.848156658225816
10.928079132897308
11.854603528780233
12.68295315423848
13.499030933393641
14.437827175579653
15.830681730979814
17.27875959474386
18.48753645559775
19.487691929299185
20.55534255766759
21.89297380470387
23.439226438892597
24.574372221927973
25.439537386295477
26.120624856116702
26.88147932690798
27.850955184851703
29.145634969827185
30.52008175577272
31.630683846201926
32.36085870123549
33.06648986366289
33.83348025760571
34.686373575670125
35.54540281688608
36.63759713786066
37.66843222731981
38.45383039071726
39.184005245750825
39.80373348405662
40.6075394169087
41.37452981085152
42.18447166685514
42.99441352285876
43.77367576310466
44.442491386622805
45.08062739438323
45.7248993252952
46.36303533305563
47.04412280287685
47.76202581160733
48.461521050883185
49.19783182906829
49.8482396831318
50.517055306649944
51.01406508192489
51.437443779381326
51.885366169443934
52.29033709744574
52.65235656338675
52.94074495150925
53.198453723874046
53.39480326472341
53.59115280557277
53.69546349914899
53.78750234642213
53.812046039028296
53.77523050011904
53.6831916528459
53.54206542036042
53.26594887854101
52.99596825987314
52.676900255992926
52.22897786593032
51.82400693792851
51.308589393198936
50.81771554107553
50.16730768701201
49.53530760240312
48.915579364097326
48.28971520263998
47.60862773281876
46.958219878755244
46.344627563600994
45.62058863171897
44.9333652387462
44.31977292359195
43.59573399170992
42.933054291343325
42.18447166685513
41.60155896745859
40.963422959698164
40.36210249084699
39.8160053303597
39.276044093023955
38.74221877883976
38.21452938780709
37.60093707265283
36.8032670629523
36.060820361615654
35.257014428763576
34.43480072645687
33.72303364087794
32.95604324693512
32.27495577711389
31.550916845231864
30.550761371530427
29.323576741221913
28.127071726671115
27.090100714060423
26.310838473814517
25.59907138823558
24.825945071141216
23.92396436786446
22.84404189319297
21.684352417551423
20.763963944820038
19.868119164694825
19.02136176978195
17.923031525655833
16.78788574262046
15.640468113282001
14.4439630987312
13.554254241757528
12.750448308905451
11.879147221386404
10.854448055078798
9.848156658225818
8.82345749191821
7.946020481247623
7.258797088274856
6.700428081484484
6.135923151542569
5.338253141842036
4.595806440505385
3.865631585471819
3.049553806316658
2.1905245651006986
1.5585244804918146
0.9817477042468137
0.45405831321415313
-0.0859029241215925
-0.687223392972764
-1.484893402673297
-2.374602259646969
-3.4299810417122902
-4.356505437595217
-5.154175447295751
-5.810719224510805
-6.49180669433203
-7.129942702092457
-8.087146713733096
-9.062758494828365
-10.191768354712197
-11.142836443201293
-11.836195759325603
-12.523419152298372
-13.210642545271138
-13.965361092910873
-14.812118487823748
-15.53615741970577
-16.370642968315558
-16.941283821409016
-17.536468367108647
-17.9046237562012
-18.30959468420301
-18.659342303840937
-18.947730691963436
-19.285206465298277
-19.616546315481575
-19.83743954893711
-20.138099783362694
-20.38967263257594
-20.57988625027376
-20.75782802166849
-20.831459099487
-20.770099867971574
-20.64124548178918
-20.5001192493037
-20.242410476938915
-19.954022088816412
-19.567458930269233
-19.260662772692104
-18.86796369099338
-18.432313147233856
-18.045749988686676
-17.634643137533324
-17.076274130742952
-16.49949735449795
-15.738642883706673
-14.96551656661231
-14.198526172669489
-13.345632854605071
-12.554098768056079
-11.799380220416342
-11.044661672776607
-10.14268096949985
-9.222292496768464
-8.467573949128727
-7.7742146330044175
-7.2281174725171295
-6.675884388878299
-6.24636976827032
-5.865942532874681
-5.491651220630585
-5.037592907416435
-4.381049130201381
-3.82881604656255
-3.11091303783207
-2.41755372170776
-1.9144080232812697
-1.5033011721279181
-1.1474176293384493
-0.9572040116406306
-0.797670009700524
-0.6749515466696723
-0.5829126993965339
-0.5399612373357359
-0.4540583132141398
-0.4540583132141398
-0.49700977527493784
-0.3926990816987148
-0.44178646691105516
-0.42951462060796963
-0.4111068511533418
-0.4111068511533418
-0.4111068511533418
-0.3436116964863736
-0.47860200582031
-0.564504929941906
-0.5154175447295657
-0.4908738521233955
-0.46633015951722534
-0.3804272353956293
-0.4233786974564273
-0.5092816215780234
-0.5276893910326512
-0.5767767762449916
-0.5706408530934484
-0.5583690067903637
-0.6872233929727578
-0.6504078540635021
-0.6933593161243001
-0.7179030087304703
-0.6994952392758425
-0.6872233929727578
-0.6933593161243001
-0.7179030087304703
-0.8099418560036087
-0.7485826244881828
-0.754718547639726
-0.7608544707912683
-0.6872233929727578
-0.7240389318820126
-0.754718547639726
-0.7608544707912683
-0.7301748550335558
-0.7363107781850982
-0.711767085578928
-0.6504078540635021
-0.5951845456996194
-0.6135923151542464
-0.66881562351813
-0.7056311624273848
-0.711767085578928
-0.6074563920027041
-0.4233786974564273
-0.3926990816987148
-0.4233786974564273
-0.46633015951722534
-0.39883500485025714
-0.39883500485025714
-0.3497476196379168
-0.3558835427894591
-0.37429131224408696
-0.4111068511533418
-0.4233786974564273
-0.5031456984264802
-0.6013204688511617
-0.6504078540635021
-0.6258641614573319
-0.5951845456996194
-0.6258641614573319
-0.66881562351813
-0.6442719309119598
-0.6258641614573319
-0.6626797003665876
-0.66881562351813
-0.6626797003665876
-0.6013204688511617
-0.6074563920027041
-0.5829126993965339
-0.5583690067903637
-0.5092816215780234
-0.5583690067903637
-0.6074563920027041
-0.5890486225480762
-0.5338253141841935
-0.5706408530934484
-0.5829126993965339
-0.5276893910326512
-0.6135923151542464
-0.5460971604872782
-0.5706408530934484
-0.5890486225480762
-0.564504929941906
-0.5706408530934484
-0.6258641614573319
-0.6013204688511617
-0.5399612373357359
-0.5522330836388214
-0.5276893910326512
-0.5522330836388214
-0.5583690067903637
-0.5583690067903637
-0.5276893910326512
-0.5767767762449916
-0.5276893910326512
-0.564504929941906
-0.564504929941906
-0.5522330836388214
-0.564504929941906
-0.5583690067903637
-0.5829126993965339
-0.5522330836388214
-0.5522330836388214
-0.5583690067903637
-0.5460971604872782
-0.5890486225480762
-0.564504929941906
-0.5399612373357359
-0.47246608266876766
-0.5399612373357359
-0.564504929941906
-0.5706408530934484
-0.5767767762449916
-0.5092816215780234
-0.5276893910326512
-0.5399612373357359
-0.564504929941906
-0.5583690067903637
-0.5338253141841935
-0.5399612373357359
-0.564504929941906
-0.5154175447295657
-0.5767767762449916
-0.5583690067903637
-0.5338253141841935
-0.5460971604872782
-0.5706408530934484
-0.5706408530934484
-0.6074563920027041
-0.6074563920027041
-0.5522330836388214
-0.5522330836388214
-0.6013204688511617
-0.5890486225480762
-0.5583690067903637
-0.6013204688511617
-0.5583690067903637
-0.6013204688511617
-0.5706408530934484
-0.6013204688511617
-0.5829126993965339
-0.5829126993965339
