0.32520392703175593
0.2945243112740431
0.28838838812250056
0.28838838812250056
0.3129320807286708
0.32520392703175593
0.3374757733348411
0.32520392703175593
0.30679615757712825
0.3129320807286708
0.3190680038802134
0.30066023442558565
0.3129320807286708
0.30679615757712825
0.30679615757712825
0.32520392703175593
0.30066023442558565
0.2945243112740431
0.30679615757712825
0.3190680038802134
0.30066023442558565
0.28838838812250056
0.30679615757712825
0.30679615757712825
0.28838838812250056
0.2945243112740431
0.2761165418194154
0.2945243112740431
0.2945243112740431
0.2699806186678728
0.30066023442558565
0.28225246497095796
0.28225246497095796
0.25770877236478773
0.09203884727313846
0.25770877236478773
0.2945243112740431
0.2761165418194154
0.28838838812250056
0.28225246497095796
0.30066023442558565
0.30066023442558565
0.28838838812250056
0.32520392703175593
0.28225246497095796
0.25157284921324513
0.25157284921324513
0.2638446955163303
0.28225246497095796
0.2761165418194154
0.28225246497095796
0.3129320807286708
0.3129320807286708
0.2945243112740431
0.2638446955163303
0.28838838812250056
0.2761165418194154
0.30679615757712825
0.2638446955163303
0.28225246497095796
0.25770877236478773
0.2761165418194154
0.2945243112740431
0.2699806186678728
0.25770877236478773
0.3313398501832985
0.2699806186678728
0.30066023442558565
0.3190680038802134
0.28838838812250056
0.2454369260617026
0.28225246497095796
0.25770877236478773
0.2761165418194154
0.2454369260617026
0.23316507975861744
0.25157284921324513
0.23930100291016002
0.28838838812250056
0.2454369260617026
0.2638446955163303
0.2945243112740431
0.32520392703175593
0.32520392703175593
0.3436116964863836
0.3374757733348411
0.30679615757712825
0.23316507975861744
0.25770877236478773
0.16566992509164924
0.1718058482431918
0.15339807878856412
0.21475731030398976
0.23930100291016002
0.2270291566070749
0.1718058482431918
0.2086213871524472
0.32520392703175593
0.4356505437595221
0.4970097752749477
0.5399612373357456
0.6442719309119693
0.7179030087304801
0.5706408530934585
0.3620194659410113
0.2761165418194154
0.37429131224409645
0.5338253141842031
0.5706408530934585
0.6381360077604268
0.7240389318820226
0.7301748550335652
0.7240389318820226
0.7363107781851077
0.7424467013366504
0.7853981633974483
0.8835729338221293
0.8406214717613314
0.8835729338221293
0.8897088569736719
0.8406214717613314
0.7976700097005334
0.760854470791278
0.662679700366597
0.6442719309119693
0.6749515466696822
0.6872233929727672
0.5829126993965437
0.4724660826687775
0.36815538909255385
0.28838838812250056
0.23930100291016002
0.14726215563702155
0.1043106935762236
0.07976700097005335
0.05522330836388308
0.04908738521234052
0.03681553890925539
0.0
6.2463697682703305
6.240233845118788
6.252505691421874
6.270913460876501
6.264777537724958
6.264777537724958
6.234097921967246
6.277049384028044
0.03681553890925539
0.06135923151542565
0.07363107781851078
0.1349903093339364
0.2699806186678728
0.36815538909255385
0.5522330836388308
0.803805932852076
1.0369710126106935
1.4419419406125027
1.9634954084936207
2.60776733940559
3.380893656499953
4.184699589352029
5.013049214810275
5.780039608753096
0.14726215563702155
0.7976700097005334
1.5830681730979816
2.5341362615870793
3.56497135104623
4.6448938257177215
5.5714182216006485
0.11658253987930872
0.9326603190344698
1.8714565612204823
3.2643111166206444
4.71238898038469
5.921165841238575
0.6381360077604268
1.705786636128833
3.043417883165112
4.589670517353839
5.724816300389213
0.30679615757712825
0.9878836273983529
1.748738098189631
2.718213956133356
4.0128937411088375
5.387340527054372
0.21475731030398976
0.944932165337555
1.6505633277649499
2.4175537217077703
3.2704470397721868
4.129476280988146
5.221670601962723
6.252505691421874
0.7547185476397354
1.4848934026733007
2.1046216409791
2.9084275738311756
3.6754179677739964
4.485359823777615
5.295301679781233
6.074563920027139
0.46019423636569234
1.0983302441261191
1.7426021750380885
2.380738182798515
3.06182565261974
3.77972866135022
4.479223900626073
5.21553467881118
5.8659425328746915
0.25157284921324513
0.7485826244881929
1.1719613219446299
1.6198837120072371
2.024854640009046
2.386874105950058
2.675262494072558
2.9329712664373457
3.129320807286708
3.32567034813607
3.429981041712294
3.522019888985432
3.5465635815916023
3.509748042682347
3.4177091954092087
3.2765829629237295
3.000466421104314
2.730485802436441
2.411417798556228
1.9634954084936207
1.5585244804918115
1.043106935762236
0.5522330836388308
6.1850105367549055
5.553010452146021
4.933282213840222
4.3074180523828804
3.6263305825616556
2.9759227284981438
2.3623304133438876
1.6382914814618648
0.9510680884890975
0.3374757733348411
5.896622148632405
5.2339424482658075
4.485359823777615
3.902447124381071
3.2643111166206444
2.662990647769473
2.116893487282185
1.576932249946439
1.043106935762236
0.5154175447295755
6.1850105367549055
5.387340527054372
4.6448938257177215
3.8410878928656453
3.018874190558942
2.3071071049800045
1.5401167110371838
0.859029241215959
0.1349903093339364
5.418020142812084
4.190835512503572
2.9943304979527716
1.9573594853420782
1.1780972450961724
0.4663301595172349
5.976389149602458
5.074408446325701
3.9944859716542096
2.834796496012665
1.9144080232812801
1.0185632431560658
0.1718058482431918
5.356660911296659
4.221515128261284
3.074097498922825
1.8775924843720249
0.9878836273983529
0.18407769454627693
5.595961914206819
4.571262747899211
3.56497135104623
2.5402721847386216
1.662835174068035
0.9756117810952678
0.4172427743048944
6.135923151542564
5.338253141842031
4.595806440505381
3.865631585471816
3.0495538063166547
2.1905245651006955
1.5585244804918115
0.9817477042468103
0.4540583132141498
6.19728238305799
5.595961914206819
4.798291904506286
3.9085830475326135
2.8532042654672924
1.9266798695843652
1.1290098598838318
0.4724660826687775
6.074563920027139
5.436427912266712
4.479223900626073
3.5036121195308043
2.3746022596469727
1.423534171157875
0.7301748550335652
0.04295146206079795
5.638913376267617
4.884194828627882
4.037437433715008
3.313398501832985
2.478912953223196
1.9082721001297376
1.3130875544301088
0.944932165337555
0.5399612373357456
0.1902136176978195
6.1850105367549055
5.8475347634200645
5.516194913236766
5.295301679781233
4.994641445355648
4.743068596142402
4.552854978444583
4.374913207049849
4.301282129231338
4.362641360746763
4.491495746929157
4.632621979414636
4.890330751779424
5.178719139901925
5.565282298449106
5.872078456026235
6.264777537724958
0.4172427743048944
0.803805932852076
1.214912784005428
1.7732817907958012
2.350058567040802
3.11091303783208
3.8840393549264434
4.651029748869264
5.50392306693368
0.01227184630308513
0.7669903939428205
1.521708941582556
2.423689644859313
3.3440781175906977
4.0987966652304335
4.792155981354743
5.338253141842031
5.890486225480862
0.03681553890925539
0.4172427743048944
0.7915340865489908
1.2455923997631406
1.902136176978195
2.454369260617026
3.172272269347506
3.865631585471816
4.368777283898306
4.779884135051658
5.135767677841127
5.325981295538946
5.485515297479052
5.608233760509904
5.700272607783043
5.743224069843841
5.829126993965437
5.829126993965437
5.786175531904639
5.890486225480862
5.841398840268521
5.853670686571607
5.872078456026235
5.872078456026235
5.872078456026235
5.939573610693203
5.8045833013592665
5.71868037723767
5.767767762450011
5.792311455056181
5.816855147662351
5.902758071783947
5.859806609723149
5.773903685601553
5.755495916146925
5.706408530934585
5.712544454086128
5.724816300389213
5.595961914206819
5.632777453116074
5.589825991055276
5.565282298449106
5.583690067903734
5.595961914206819
5.589825991055276
5.565282298449106
5.473243451175968
5.534602682691394
5.5284667595398505
5.522330836388308
5.595961914206819
5.559146375297564
5.5284667595398505
5.522330836388308
5.553010452146021
5.546874528994478
5.5714182216006485
5.632777453116074
5.688000761479957
5.66959299202533
5.6143696836614465
5.577554144752192
5.5714182216006485
5.675728915176872
5.859806609723149
5.890486225480862
5.859806609723149
5.816855147662351
5.884350302329319
5.884350302329319
5.93343768754166
5.927301764390117
5.9088939949354895
5.872078456026235
5.859806609723149
5.780039608753096
5.681864838328415
5.632777453116074
5.6573211457222445
5.688000761479957
5.6573211457222445
5.6143696836614465
5.638913376267617
5.6573211457222445
5.620505606812989
5.6143696836614465
5.620505606812989
5.681864838328415
5.675728915176872
5.700272607783043
5.724816300389213
5.773903685601553
5.724816300389213
5.675728915176872
5.6941366846315
5.749359992995383
5.712544454086128
5.700272607783043
5.755495916146925
5.66959299202533
5.737088146692298
5.712544454086128
5.6941366846315
5.71868037723767
5.712544454086128
5.6573211457222445
5.681864838328415
5.743224069843841
5.730952223540755
5.755495916146925
5.730952223540755
5.724816300389213
5.724816300389213
5.755495916146925
5.706408530934585
5.755495916146925
5.71868037723767
5.71868037723767
5.730952223540755
5.71868037723767
5.724816300389213
5.700272607783043
5.730952223540755
5.730952223540755
5.724816300389213
5.737088146692298
5.6941366846315
5.71868037723767
5.743224069843841
5.810719224510809
5.743224069843841
5.71868037723767
5.712544454086128
5.706408530934585
5.773903685601553
5.755495916146925
5.743224069843841
5.71868037723767
5.724816300389213
5.749359992995383
5.743224069843841
5.71868037723767
5.767767762450011
5.706408530934585
5.724816300389213
5.749359992995383
5.737088146692298
5.712544454086128
5.712544454086128
5.675728915176872
5.675728915176872
5.730952223540755
5.730952223540755
5.681864838328415
5.6941366846315
5.724816300389213
5.681864838328415
5.724816300389213
5.681864838328415
5.712544454086128
5.681864838328415
5.700272607783043
5.700272607783043
