1.9205439464328224
1.9205439464328227
1.8837284075235674
1.8960002538266525
1.9205439464328227
1.9144080232812803
1.920543946432823
1.9328157927359082
1.8898643306751104
1.9021361769781955
1.9205439464328233
1.9266798695843659
1.9082721001297382
1.9450876390389937
1.9389517158874512
1.8898643306751106
1.8960002538266532
1.908272100129738
1.877592484372025
1.8837284075235676
1.9512235621905356
1.9205439464328227
1.9082721001297376
1.9205439464328227
1.9512235621905356
1.9205439464328227
1.9144080232812803
1.9512235621905358
1.938951715887451
1.9634954084936211
1.951223562190536
1.951223562190536
1.9144080232812808
1.902136176978196
1.9205439464328233
1.9021361769781957
1.8898643306751108
1.902136176978196
1.8837284075235685
1.9144080232812812
1.902136176978196
1.9082721001297387
1.9021361769781961
1.9328157927359089
1.9082721001297382
1.9205439464328231
1.896000253826653
1.8837284075235678
1.8898643306751106
1.9144080232812806
1.920543946432823
1.9819031779482486
1.945087639038993
1.9696313316451632
1.9266798695843652
1.945087639038993
1.932815792735908
1.902136176978195
1.945087639038993
1.8960002538266523
1.9205439464328227
1.8960002538266525
1.9450876390389928
1.9082721001297374
1.926679869584365
1.9082721001297374
1.8837284075235674
1.8960002538266525
1.9205439464328227
1.9634954084936207
1.9328157927359082
1.9512235621905358
1.9757672547967058
1.9389517158874505
1.9512235621905356
1.957359485342078
1.9328157927359075
1.9389517158874499
1.9082721001297371
1.9328157927359078
1.9082721001297374
1.9757672547967058
1.9941750242513336
1.9573594853420782
1.9573594853420782
1.9696313316451632
2.000310947402876
1.957359485342078
1.945087639038993
1.9389517158874503
1.9205439464328227
1.8653206380689396
1.8469128686143117
1.8960002538266523
1.957359485342078
1.9205439464328224
1.9512235621905352
1.91440802328128
1.9573594853420777
1.9573594853420777
1.96349540849362
2.006446870554418
2.1046216409790985
2.1353012567368106
2.1537090261914384
2.184388641949151
2.1414371798883534
2.1598449493429803
2.1537090261914376
2.1107575641306395
2.116893487282182
2.1414371798883516
2.1843886419491496
2.1782527187976073
2.1475731030398943
2.0800779483729266
1.9389517158874479
1.9144080232812777
2.018718716857501
2.080077948372927
2.08621387152447
1.9880391010997887
1.9266798695843632
1.7978254834019693
1.7119225592803735
1.6751070203711185
1.6873788666742036
1.8162332528565972
1.828505099159682
1.7671458676442566
1.6137477888556926
1.5830681730979794
1.6198837120072347
1.5339807878856389
1.4480778637640428
1.4664856332186704
1.527844864734096
1.5646604036433516
1.5953400194010643
1.5462526341887237
1.5769322499464362
1.70578663612883
2.0003109474028733
2.307107104980002
2.307107104980002
2.331650797586172
2.1291653335852674
2.0064468705544165
1.902136176978193
1.8469128686143101
1.8100973297050549
1.7978254834019698
1.711922559280374
1.6996507129772886
1.6382914814618632
1.595340019401065
1.6628351740680332
1.810097329705055
1.896000253826651
1.9512235621905343
1.9082721001297362
1.8162332528565979
1.7548740213411724
1.730330328735002
1.7610099444927148
1.6689710972195764
1.607611865704151
1.5585244804918104
1.460349710067129
1.4419419406125016
1.4664856332186715
1.4848934026732994
1.5339807878856397
1.5094370952794696
1.4664856332186715
1.5155730184310119
1.546252634188725
1.619883712007236
1.6812429435226617
1.7303303287350023
1.736466251886545
1.7303303287350023
1.7732817907958003
1.9696313316451626
2.0064468705544183
2.1107575641306418
2.1537090261914393
2.2641556429192056
2.190524565100695
2.2273401040099503
2.2764274892222907
2.2764274892222907
2.196660488252238
2.172116795646067
2.2457478734645777
2.2150682577068643
2.3807381827985137
2.5770877236478764
2.8716120349219194
3.110913037832079
3.5097480426823453
4.043573356866549
4.540583132141497
5.197126909356552
6.037748381117882
6.921321314940012
7.565593245851982
8.258952561976292
8.80504972246358
9.302059497738528
9.829748888771189
10.363574202955391
11.075341288534329
12.087768608538852
13.235186237877311
14.419419406125026
15.28458457049253
16.057710887586893
16.81856535837817
17.61009944492716
18.696157842750193
20.10128424445344
21.211886334882642
22.248857347493335
23.12015843501238
23.99145952253143
24.819809147989673
25.758605390175685
26.875343403756432
28.120935803519572
29.194722355039524
29.881945748012292
31.188897379290857
32.23200431505309
33.08489763311751
33.84575210390879
34.58819880524544
35.293829967672835
36.04241259216102
36.96893698804395
38.16544200259475
39.147189706841566
40.11052964163375
41.043189960668215
41.9635784333996
42.9146465218887
44.18478261425801
45.381287628808806
46.4612101034803
47.44295780772711
48.33266666470078
49.17942405961366
50.03231737767807
50.81771554107552
51.369948624714354
51.682880705443026
51.76264770641308
51.615385550776054
51.38835639416898
50.98338546616717
50.443424228831425
49.87278337573797
49.28373475318988
48.74377351585413
48.15472489330604
47.50431703924253
46.8661810314821
46.18509356166088
45.39969539826343
44.393404001410445
43.52823883704295
42.63852998006927
41.92676289449034
41.184316193153684
40.4357335686655
39.631927635813426
38.78517024090055
38.00590800065464
37.12233506683251
36.48419905907208
35.78470381979623
35.28155812136974
34.71091726827628
34.0789171836674
33.459188945361596
32.86400439966197
32.27495577711388
31.65522753880808
30.863693452259092
29.973984595285422
29.090411661463293
28.17615911188345
27.384625025334458
26.531731707270044
25.629751003993285
24.697090684958816
23.764430365924348
22.874721508950678
21.92365342046158
20.806915406880833
19.524507468208437
18.131652912808274
16.9965071297729
16.06384681073843
15.217089415825553
14.2292057884272
13.229050314725761
12.02640937702342
11.069205365382778
10.271535355682246
9.602719732164108
8.77437010670586
7.933748634944528
7.215845626214048
6.387496000755801
5.540738605842927
4.546719055293032
3.5281558121369656
2.3500585670407936
1.251728322914675
0.27611654181940715
-0.6565437772150622
-1.601475942552617
-2.5034566458293743
-3.313398501832993
-4.233786974564378
-5.086680292628795
-5.780039608753105
-6.614525157362894
-7.436738859669597
-8.142370022096992
-8.995263340161408
-9.842020735074282
-10.64582666792636
-11.492584062839233
-12.13072007059966
-12.94679784975482
-13.676972704788383
-14.480778637640459
-15.247769031583278
-16.082254580193066
-16.97196343716674
-17.720546061654932
-18.462992762991583
-19.107264693903552
-19.733128855360896
-20.31604155475744
-20.819187253183934
-21.285517412701168
-21.73957572591532
-22.15068257706867
-22.414527272585005
-22.63542050604054
-22.70905158385905
-22.65996419864671
-22.500430196706603
-22.27340104009953
-21.978876728825483
-21.65980872494527
-21.230294104337293
-20.82532317633548
-20.316041554757447
-19.726992932209363
-19.02136176978197
-18.205283990626807
-17.20512851692537
-16.376778891467122
-15.542293342857334
-14.73848741000526
-13.940817400304724
-13.026564850724881
-12.081632685387326
-10.958758748655036
-9.903379966589716
-8.946175954949075
-8.068738944278488
-7.0869912400316775
-6.129787228391038
-5.209398755659653
-4.319689898685981
-3.571107274197788
-2.7795731876487975
-2.196660488252254
-1.6137477888557101
-1.043106935762251
-0.5215534678811338
-0.14726215563703793
0.20248546400088863
0.5154175447295595
0.7301748550335492
0.9142525495798262
0.9633399347921665
1.0369710126106773
1.122873936732273
1.1903690913992415
1.2578642460662097
1.2946797849754654
1.356039016490891
1.3928545554001466
1.3928545554001466
1.4480778637640297
1.484893402673285
1.564660403643338
1.564660403643338
1.5707963267948808
1.6260196351587641
1.5339807878856253
1.564660403643338
1.6014759425525933
1.6137477888556784
1.6382914814618488
1.6689710972195617
1.675107020371104
1.7241944055834442
1.7978254834019547
1.81009732970504
1.8960002538266358
1.9144080232812635
1.877592484372008
1.7241944055834437
1.521708941582539
1.2885438618239216
1.2149127840054108
1.159689475641528
1.159689475641528
1.1903690913992409
1.368310862793975
1.3499030933393472
1.2946797849754643
1.276272015520837
1.325359400733177
1.3928545554001452
1.5094370952794538
1.5462526341887093
1.7180584824319007
1.8346410223112097
1.8407769454627523
1.8100973297050396
1.7364662518865288
1.589204096249507
1.6014759425525924
1.6873788666741885
1.6505633277649332
1.7180584824319012
1.7610099444926992
1.7487380981896141
1.7426021750380718
1.7732817907957845
1.8407769454627525
1.81009732970504
1.6812429435226461
1.4971652489763692
1.466485633218656
1.4173982480063156
1.4051264017032306
1.4542137869155711
1.5155730184309968
1.460349710067114
1.472621556370199
1.5401167110371676
1.7548740213411576
1.8530487917658387
1.8837284075235519
1.9021361769781793
1.8591847149173815
1.8039614065534988
1.7855536370988712
1.7671458676442433
1.9512235621905203
2.1353012567367973
2.0800779483729146
2.1107575641306275
2.0187187168574887
1.8714565612204672
1.9144080232812652
1.90213617697818
1.7364662518865306
1.6812429435226472
1.6382914814618492
1.613747788855679
1.6076118657041363
1.650563327764934
1.73646625188653
1.8100973297050404
1.8653206380689233
1.9082721001297216
1.8591847149173812
1.8039614065534983
1.6812429435226472
1.6382914814618492
1.6505633277649343
1.5953400194010512
1.6321555583103065
1.7057866361288172
1.705786636128817
1.7548740213411573
1.773281790795785
1.705786636128817
1.73646625188653
1.822369176008126
1.754874021341158
1.7180584824319023
1.718058482431902
1.662835174068019
1.6689710972195617
1.705786636128817
1.705786636128817
1.7119225592803593
1.773281790795785
1.7303303287349872
1.7548740213411573
1.7364662518865297
1.644427404613391
1.6935147898257317
1.7119225592803593
1.7241944055834446
1.7180584824319018
1.7057866361288165
1.6812429435226464
1.6689710972195613
1.6444274046133907
1.638291481461848
1.6935147898257314
1.6812429435226464
1.6751070203711036
1.7180584824319014
1.6873788666741887
1.7241944055834437
1.7241944055834437
1.7855536370988692
1.7671458676442415
1.7426021750380711
1.7426021750380711
1.7916895602504115
1.718058482431901
1.7426021750380714
1.7241944055834433
1.7057866361288154
1.724194405583443
1.6812429435226453
1.6996507129772729
1.6873788666741876
1.6566992509164746
1.6751070203711025
1.7057866361288154
1.6873788666741878
1.687378866674188
1.699650712977273
1.7057866361288154
1.7303303287349854
1.6873788666741873
1.6751070203711025
1.6812429435226453
1.6996507129772729
1.7303303287349856
1.7180584824319007
1.7180584824319007
1.7241944055834435
1.7548740213411567
1.7364662518865293
1.7426021750380718
1.7303303287349865
1.7487380981896141
1.7487380981896141
1.7303303287349863
