2.015064334011803
2.015338919462181
2.0148173922670725
2.0149845072671666
2.0152011868264186
2.015855361129291
2.0154604156911344
2.0158529657126345
2.0153210654145575
2.015992505530311
2.016062210120738
2.0166007037098606
2.0163677416186543
2.0164883129589932
2.016186642513522
2.0164384719052797
2.016654014830383
2.016409967709513
2.0164824605010496
2.0164953201139184
2.0165350811156735
2.0167252111099265
2.0164825539300018
2.0164305983941317
2.0168378036672863
2.017052906753876
2.017048535019056
2.0163820918052897
2.0165921618208618
2.0165858231490206
2.016484410873377
2.016022252216524
2.016910454153412
2.016598771908925
2.016764627393455
2.0167766368943263
2.016800633774826
2.0165556594315306
2.016685892442529
2.0169696030906836
2.016602390838684
2.0166573232858687
2.0165715436511795
2.0164014570611166
2.0168782384386876
2.016725395176177
2.0165792859524116
2.0166684293612565
2.0168578809565734
2.01649588280496
2.0167944646595557
2.01660037084333
2.0161840489345417
2.0170212408506356
2.016936974269412
2.017382096330018
2.016722660986262
2.016753967080591
2.0169629093423413
2.016685977203064
2.016492489559875
2.016695712463671
2.016746190270549
2.016537090540586
2.0172287189837483
2.0169164944877096
2.01677742758178
2.01756025942999
2.017476459925269
2.0173897937149374
2.0175250288463364
2.0172978856742327
2.0171715687591982
2.0168395893058735
2.0167439300243624
2.0169016499156016
2.017410989804642
2.017136547058803
2.0173417020833284
2.0168415873331305
2.0171408128428387
2.016749974493925
2.01672724827936
2.0168709891951773
2.0164205353558255
2.0165041726203086
2.0169394507300415
2.0169920940347748
2.017247725286557
2.016931352394472
2.0172429678332144
2.016865016246363
2.0167807490521072
2.016562224858405
2.01666971965832
2.016896659988908
2.0170558123153195
2.016806676045688
2.0169918031418006
2.0170080368088397
2.0169752941866617
2.0165162694082293
2.0170350146271416
2.017131498733848
2.0165957004599893
2.0168904113385593
2.0169716544360776
2.0167820661283784
2.01690140550676
2.016842668575778
2.0167818456744726
2.016622131536731
2.016554303852083
2.017201747853946
2.016798844986964
2.0174642353645815
2.0167339175838275
2.017078557692669
2.0169813298858474
2.0162675735605107
2.016612250997086
2.0168767774015155
2.0169552727009457
2.016876294222654
2.0164804515999677
2.0171312382611113
2.0169388937295154
2.0169675073329474
2.017081282898387
2.017286143405165
2.01719159074388
2.016891944977082
2.0171486435746724
2.0173598063782654
2.0169703633703553
2.017031929289104
2.017453960762585
2.017037927877488
2.017149254780573
2.016888313245285
2.0168784999436595
2.016961816567911
2.017016355101682
2.0172107261503704
2.01756141560307
2.017128190059092
2.0169888961517954
2.0172441491646453
2.017223486020018
2.0167684829951913
2.016754802890056
2.01722595677379
2.0166441030955777
2.0172267726003894
2.0173569725826805
2.0172019491489253
2.017565816588061
2.0171606155998716
2.017404166478633
2.017899550775954
2.017866137699497
2.0173814709635383
2.017536261091697
2.016643344022695
2.0173446807915005
2.017166920019063
2.0170208799312066
2.0174598361807323
2.0176365296630414
2.0176359824368886
2.0180411094569886
2.0172604969133827
2.0174796628183307
2.0178375690727015
2.016881680353367
2.0171414431287817
2.0170135903009454
2.0172406981166793
2.0175169384530474
2.019228947140007
2.0210168621652214
2.0223062611855895
2.0228788464305834
2.022362475439854
2.0218299802803306
2.0226186885522126
2.0258785131768566
2.027875604661093
2.0248790354389152
2.024125643281182
2.0240537902149396
2.024848167159211
2.0253366985758707
2.0228426720135597
2.0238647100527207
2.0245974221740926
2.024310971788873
2.023403642794617
2.0226616197223986
2.0220443702836097
2.0057981662804476
1.99627232648349
2.0011049586011453
1.9963463951586564
1.9796116533814179
1.970018094607715
1.9508773942902404
1.9407963961699308
1.9293582929693787
1.9169401382260642
1.9024615809554513
1.887580368341456
1.8736872529322988
1.8591525932150554
1.8449525442253103
1.8321279151819994
1.8188969112794373
1.7940149484135177
1.7825996904317953
1.7581901537234619
1.7460141188365697
1.7334244236308192
1.7199560335685558
1.6944034479276637
1.6814385475170783
1.6709410474648787
1.6583090971156633
1.6472659315321803
1.6340173288018243
1.6240335335892149
1.6152532680404272
1.6036647013823913
1.5842191932376053
1.5744900506132171
1.5654478024343512
1.5565795994866605
1.5480719362866722
1.5394482565753125
1.5305605603192547
1.5223633453294871
1.514106843524216
1.505181690659804
1.496229313322353
1.477558821587812
1.4672384071086961
1.4448167309594036
1.4346839502747455
1.423797979126641
1.4130809289385406
1.4023214877545878
1.392541207963323
1.3837592831764494
1.375852903865745
1.368564933827795
1.362542271082461
1.3577637784898982
1.3519028639877133
1.350559718370821
1.3515995265972953
1.3540255685254023
1.3574676350643426
1.3619302239335516
1.366897079224315
1.3724525081245085
1.3853402476591172
1.3924773397264956
1.400225611267838
1.4085978651005617
1.4267681697387355
1.4367610886599709
1.446581566979421
1.4571772030117278
1.4674307426890467
1.478036663287048
1.4890682871653182
1.500038999900296
1.5104482019894911
1.53080738779985
1.540333512755993
1.5493978085309619
1.558759275315516
1.566592018699158
1.5744702974412323
1.5819429129469738
1.5891057654852656
1.5962293696246028
1.6031074366046454
1.609434077593982
1.6240197409103796
1.6319481681269663
1.6495236730712008
1.6590753655717339
1.6693345065513314
1.6799499355110037
1.6897435769136389
1.6991818126141147
1.7087026917758328
1.72940629063392
1.7395412752857282
1.7506578802249497
1.7626130662508512
1.7730679081566578
1.7856591574417404
1.8094522459355007
1.8205307067662386
1.8326232433444172
1.845174133012901
1.8578117220771295
1.8702831671455786
1.8816586267281052
1.9052022864458655
1.9176909434112197
1.9303342447029348
1.9438274909879845
1.9566563413830222
1.9709886493803377
1.9980039512128998
2.0095667440930653
2.0218458004231636
2.030830843582208
2.0547996910256687
2.069863908992607
2.0826403782817313
2.097474143211158
2.1123443230161714
2.1265475076681883
2.137350811088499
2.1620309856172977
2.1718516085467523
2.1805447222477548
2.1874880722299506
2.199139904817016
2.211227266805911
2.2333396019678973
2.2346943837892117
2.2526911347222174
2.26589709868408
2.273566467651329
2.2910469029308462
2.299476520015729
2.295811837993942
2.3222326587669455
2.3383881442792465
2.340149872482379
2.3414598454227527
2.3642819975427565
2.380513213293746
2.391175910102148
2.4063147619571224
2.410796914941316
2.4107858351180735
2.4302739073757507
2.434984467131733
2.438686574449164
2.435993304535833
2.4382698020325546
2.431776239659214
2.4322875061723814
2.4209153241539725
2.4152319513480287
2.3968372296625793
2.3949864064316815
2.388038885372391
2.380964420935449
2.3726640996301596
2.34166033461774
2.338331306637271
2.3286458470410745
2.3113424326948575
2.3023576919668196
2.2791303607749973
2.26496380833921
2.2464990998286103
2.2306148907726326
2.2206190756192385
2.208848903181491
2.1945151574875217
2.1862045660335583
2.161970750664309
2.149636709848521
2.1273158988365988
2.1144725723528373
2.106246493872005
2.097686839970094
2.085399889777409
2.0779480150416036
2.0719303424338293
2.0648099766947206
2.062145998690874
2.0525243506497195
2.0392003813238384
2.0344977917614706
2.0276515214903745
2.0215866477243143
2.020188333507166
2.019588652259386
2.0217280125079435
2.0212363953314205
2.02768676286434
2.0197372108798386
2.0237844884974807
2.0185942031096324
2.02038416515268
2.020008132449009
2.021045636579197
2.0190514666324395
2.0189743840152077
2.0198239408412744
2.0239532066998644
2.0220888052270167
2.022437041786505
2.0237351064272424
2.024043086617109
2.0236928565648746
2.023084869502186
2.0224300689475836
2.0234959849403027
2.023357142669032
2.022997361083789
2.0237033428322815
2.0231492084151905
2.0231991220428185
2.023237035019367
2.0231088490776394
2.0231417859245373
2.0227191781937974
2.0226268192205112
2.023052285387105
2.023087681727477
2.0232326757376162
2.023294358735906
2.023105646422632
2.0236043431534454
2.023345265440003
2.0229614385946033
2.0234925288925867
2.023233163324904
2.023381278780342
2.023368696723155
2.0232916120422253
2.023484991024999
2.0230364590614034
2.023743332645261
2.022832506155816
2.0232422814719473
2.023193977560997
2.0230294851757047
2.023077189895063
2.0229994788995076
2.0230663968506004
2.023015234912435
2.0234874559860994
2.0231220992380234
2.0230082490541927
2.022952179949191
2.0230118865142006
2.023425380772875
2.023259999485392
2.023583415348902
2.0231007353617083
2.023198026134487
2.023176585485808
2.0229643970970055
2.023686454080214
2.02320535597561
2.0235165815859677
2.0238859928859645
2.023385050048309
2.023077564401241
2.023103424465591
2.0230232721026176
2.023070455562723
2.0231612662880134
2.0236526355012057
2.0236186126557483
2.0231930969645733
2.023141136040426
2.0229992076393777
2.0233252936465767
2.023227389157728
2.0232457221568283
2.0233882941849055
2.0235288870649795
2.0233649983078075
2.02355789153806
2.0234061512034667
2.0229634106812613
2.0233539882341276
2.0236504741247052
2.0235003624649543
2.0236587683255043
2.023350841672997
2.0233506932708005
2.023311945402333
2.0236521514040238
2.0235473021913215
2.023316041654883
2.0233998531687893
2.0230389523977714
2.023238352512065
2.0231375676667565
2.0227543007870885
2.022802395090827
2.023016013878985
2.022910487760956
2.0232031954022984
2.022851715145376
2.0225861708821147
2.0227002808185026
2.0225774528502276
2.0223143861176127
2.02255922081419
2.0225326433153357
2.0221780078006795
2.0226149329948333
2.022719216445213
2.0233566027991263
2.0232765840639892
2.0227157350239193
2.0225936727703155
2.0231865004898184
2.022162668609983
2.0231396976179092
2.02309823539911
2.0228306992811715
2.02219644156017
2.022472100986061
2.0231207002660683
2.0225752123452394
2.0231359240136917
2.0235463370111595
2.0222937030066066
2.023372694855629
2.0233311175264124
2.0233065975697
2.0230306533450815
2.0227752473622322
2.022928187564466
2.023523731054659
2.0229294557191144
2.0235069498695153
2.0228951735197893
2.02348540516567
2.0229291305926167
2.023013611745226
2.023114397211661
2.0227697860183
2.022562336393449
2.0233282307053613
2.0224188964160397
2.0233994969333953
2.0231244656898473
2.023595879815308
2.02270438080714
2.0230380854211236
2.0229086684521134
2.023278551269986
2.023094560622904
2.0230470590518186
2.022913786195455
2.022677609774345
2.022825930711
2.0239612257659596
2.022649160351004
2.0228663597609997
2.0229813505400194
