1.9205439464328227
1.9205439464328227
1.8837284075235674
1.8960002538266525
1.9205439464328227
1.9144080232812801
1.9205439464328227
1.932815792735908
1.88986433067511
1.902136176978195
1.9205439464328227
1.9266798695843652
1.9082721001297376
1.945087639038993
1.9389517158874505
1.88986433067511
1.8960002538266525
1.9082721001297376
1.8775924843720249
1.8837284075235674
1.9512235621905356
1.9205439464328227
1.9082721001297376
1.9205439464328227
1.9512235621905356
1.9205439464328227
1.9144080232812801
1.9512235621905356
1.9389517158874505
1.9634954084936207
1.9512235621905356
1.9512235621905356
1.9144080232812801
1.902136176978195
1.9205439464328227
1.902136176978195
1.88986433067511
1.902136176978195
1.8837284075235674
1.9144080232812801
1.902136176978195
1.9082721001297376
1.902136176978195
1.932815792735908
1.9082721001297376
1.9205439464328227
1.8960002538266525
1.8837284075235674
1.88986433067511
1.9144080232812801
1.9205439464328227
1.9819031779482483
1.945087639038993
1.9696313316451632
1.9266798695843652
1.945087639038993
1.932815792735908
1.902136176978195
1.945087639038993
1.8960002538266525
1.9205439464328227
1.8960002538266525
1.945087639038993
1.9082721001297376
1.9266798695843652
1.9082721001297376
1.8837284075235674
1.8960002538266525
1.9205439464328227
1.9634954084936207
1.932815792735908
1.9512235621905356
1.9757672547967058
1.9389517158874505
1.9512235621905356
1.9573594853420782
1.932815792735908
1.9389517158874505
1.9082721001297376
1.932815792735908
1.9082721001297376
1.9757672547967058
1.9941750242513334
1.9573594853420782
1.9573594853420782
1.9696313316451632
2.000310947402876
1.9573594853420782
1.945087639038993
1.9389517158874505
1.9205439464328227
1.8653206380689396
1.846912868614312
1.8960002538266525
1.9573594853420782
1.9205439464328227
1.9512235621905356
1.9144080232812801
1.9573594853420782
1.9573594853420782
1.9634954084936207
2.0064468705544187
2.1046216409791
2.1353012567368124
2.1537090261914402
2.184388641949153
2.141437179888355
2.1598449493429825
2.1537090261914402
2.110757564130642
2.116893487282185
2.141437179888355
2.184388641949153
2.1782527187976104
2.1475731030398975
2.0800779483729293
1.9389517158874505
1.9144080232812801
2.018718716857504
2.0800779483729293
2.086213871524472
1.9880391010997909
1.9266798695843652
1.7978254834019713
1.7119225592803755
1.6751070203711202
1.6873788666742053
1.8162332528565992
1.8285050991596843
1.7671458676442586
1.6137477888556946
1.5830681730979816
1.6198837120072371
1.533980787885641
1.4480778637640452
1.4664856332186729
1.5278448647340985
1.564660403643354
1.5953400194010667
1.5462526341887264
1.576932249946439
1.705786636128833
2.000310947402876
2.3071071049800045
2.3071071049800045
2.3316507975861747
2.12916533358527
2.0064468705544187
1.902136176978195
1.846912868614312
1.8100973297050567
1.7978254834019713
1.7119225592803755
1.6996507129772904
1.6382914814618648
1.5953400194010667
1.662835174068035
1.8100973297050567
1.8960002538266525
1.9512235621905356
1.9082721001297376
1.8162332528565992
1.7548740213411735
1.7303303287350031
1.761009944492716
1.6689710972195777
1.607611865704152
1.5585244804918115
1.4603497100671303
1.4419419406125027
1.4664856332186729
1.4848934026733007
1.533980787885641
1.509437095279471
1.4664856332186729
1.5155730184310134
1.5462526341887264
1.6198837120072371
1.6812429435226628
1.7303303287350031
1.736466251886546
1.7303303287350031
1.7732817907958012
1.9696313316451632
2.0064468705544187
2.110757564130642
2.1537090261914402
2.2641556429192065
2.1905245651006955
2.227340104009951
2.2764274892222915
2.2764274892222915
2.1966604882522383
2.172116795646068
2.2457478734645786
2.2150682577068657
2.380738182798515
2.5770877236478773
2.8716120349219203
3.11091303783208
3.509748042682347
4.04357335686655
4.540583132141498
5.197126909356553
6.037748381117884
0.6381360077604268
1.282407938672396
1.9757672547967058
2.521864415283994
3.018874190558942
3.5465635815916023
4.080388895775806
4.792155981354743
5.8045833013592665
0.6688156235181395
1.8530487917658545
2.718213956133356
3.4913402732277192
4.252194744018997
5.043728830567988
6.129787228391022
1.2517283229146832
2.3623304133438876
3.399301425954581
4.270602513473625
5.141903600992669
5.970253226450915
0.6258641614573416
1.7426021750380885
2.988194574801229
4.061981126321178
4.749204519293945
6.056156150572511
0.8160777791551611
1.6689710972195777
2.429825568010856
3.172272269347506
3.877903431774901
4.626486056263094
5.553010452146021
0.4663301595172349
1.4480778637640452
2.411417798556228
3.3440781175906977
4.264466590322082
5.21553467881118
0.20248546400090464
1.3989904785517047
2.478912953223196
3.4606606574700063
4.3503695144436785
5.197126909356553
6.050020227420969
0.5522330836388308
1.1044661672776617
1.4173982480063325
1.4971652489763858
1.3499030933393643
1.1228739367322893
0.7179030087304801
0.17794177139473438
5.890486225480862
5.301437602932776
4.76147636559703
4.172427743048944
3.522019888985432
2.8838838812250054
2.2027964114037806
1.4173982480063325
0.4111068511533518
5.829126993965437
4.9394181369917645
4.227651051412827
3.485204350076177
2.736621725587984
1.932815792735908
1.086058397823034
0.30679615757712825
5.706408530934585
5.0682725231741586
4.368777283898306
3.865631585471816
3.2949907323783574
2.662990647769473
2.043262409463674
1.4480778637640452
0.859029241215959
0.23930100291016002
5.730952223540755
4.841243366567084
3.9576704327449543
3.043417883165112
2.2518837966161214
1.3989904785517047
0.4970097752749477
5.8475347634200645
4.914874444385594
4.025165587411922
3.074097498922825
1.9573594853420782
0.6749515466696822
5.565282298449106
4.430136515413731
3.497476196379262
2.650718801466388
1.662835174068035
0.662679700366597
5.743224069843841
4.7860200582032
3.988350048502667
3.3195344249845276
2.4911847995262812
1.6505633277649499
0.9326603190344698
0.1043106935762236
5.540738605842936
4.546719055293041
3.5281558121369745
2.350058567040802
1.2517283229146832
0.2761165418194154
5.626641529964532
4.681709364626977
3.77972866135022
2.9697868053466014
2.0493983326152168
1.1965050145508
0.5031456984264903
5.9518454569962875
5.129631754689584
4.424000592262189
3.5711072741977725
2.724349879284899
1.9205439464328227
1.0737865515199487
0.4356505437595221
5.902758071783947
5.1725832167503825
4.368777283898306
3.6017868899554855
2.767301341345697
1.8775924843720249
1.1290098598838318
0.3865631585471816
6.025476534814799
5.399612373357457
4.816699673960914
4.313553975534423
3.847223816017188
3.393165502803038
2.9820586516496865
2.718213956133356
2.497320722677824
2.423689644859313
2.4727770300716534
2.6323110320117604
2.859340188618835
3.153864499892878
3.472932503773092
3.902447124381071
4.3074180523828804
4.816699673960914
5.405748296509
6.111379458936394
0.6442719309119693
1.6444274046134073
2.4727770300716534
3.3072625786814425
4.111068511533518
4.908738521234052
5.822991070813893
0.48473792897186263
1.607611865704152
2.662990647769473
3.6201946594101133
4.4976316700806995
5.47937937432751
0.15339807878856412
1.0737865515199487
1.9634954084936207
2.7120780329818137
3.5036121195308043
4.086524818927348
4.669437518323892
5.240078371417351
5.7616318392984684
6.135923151542564
0.20248546400090464
0.5154175447295755
0.7301748550335652
0.9142525495798421
0.9633399347921826
1.0369710126106935
1.1228739367322893
1.1903690913992575
1.2578642460662257
1.2946797849754812
1.3560390164909069
1.3928545554001621
1.3928545554001621
1.4480778637640452
1.4848934026733007
1.564660403643354
1.564660403643354
1.5707963267948966
1.6260196351587797
1.533980787885641
1.564660403643354
1.6014759425526093
1.6137477888556946
1.6382914814618648
1.6689710972195777
1.6751070203711202
1.7241944055834606
1.7978254834019713
1.8100973297050567
1.8960002538266525
1.9144080232812801
1.8775924843720249
1.7241944055834606
1.521708941582556
1.2885438618239387
1.214912784005428
1.1596894756415448
1.1596894756415448
1.1903690913992575
1.368310862793992
1.3499030933393643
1.2946797849754812
1.2762720155208536
1.325359400733194
1.3928545554001621
1.509437095279471
1.5462526341887264
1.718058482431918
1.8346410223112268
1.8407769454627694
1.8100973297050567
1.736466251886546
1.5892040962495242
1.6014759425526093
1.6873788666742053
1.6505633277649499
1.718058482431918
1.761009944492716
1.748738098189631
1.7426021750380885
1.7732817907958012
1.8407769454627694
1.8100973297050567
1.6812429435226628
1.4971652489763858
1.4664856332186729
1.4173982480063325
1.4051264017032472
1.4542137869155878
1.5155730184310134
1.4603497100671303
1.4726215563702154
1.5401167110371838
1.7548740213411735
1.8530487917658545
1.8837284075235674
1.902136176978195
1.859184714917397
1.8039614065535141
1.7855536370988863
1.7671458676442586
1.9512235621905356
2.1353012567368124
2.0800779483729293
2.110757564130642
2.018718716857504
1.8714565612204823
1.9144080232812801
1.902136176978195
1.736466251886546
1.6812429435226628
1.6382914814618648
1.6137477888556946
1.607611865704152
1.6505633277649499
1.736466251886546
1.8100973297050567
1.8653206380689396
1.9082721001297376
1.859184714917397
1.8039614065535141
1.6812429435226628
1.6382914814618648
1.6505633277649499
1.5953400194010667
1.6321555583103222
1.705786636128833
1.705786636128833
1.7548740213411735
1.7732817907958012
1.705786636128833
1.736466251886546
1.8223691760081417
1.7548740213411735
1.718058482431918
1.718058482431918
1.662835174068035
1.6689710972195777
1.705786636128833
1.705786636128833
1.7119225592803755
1.7732817907958012
1.7303303287350031
1.7548740213411735
1.736466251886546
1.6444274046134073
1.6935147898257479
1.7119225592803755
1.7241944055834606
1.718058482431918
1.705786636128833
1.6812429435226628
1.6689710972195777
1.6444274046134073
1.6382914814618648
1.6935147898257479
1.6812429435226628
1.6751070203711202
1.718058482431918
1.6873788666742053
1.7241944055834606
1.7241944055834606
1.7855536370988863
1.7671458676442586
1.7426021750380885
1.7426021750380885
1.7916895602504288
1.718058482431918
1.7426021750380885
1.7241944055834606
1.705786636128833
1.7241944055834606
1.6812429435226628
1.6996507129772904
1.6873788666742053
1.6566992509164924
1.6751070203711202
1.705786636128833
1.6873788666742053
1.6873788666742053
1.6996507129772904
1.705786636128833
1.7303303287350031
1.6873788666742053
1.6751070203711202
1.6812429435226628
1.6996507129772904
1.7303303287350031
1.718058482431918
1.718058482431918
1.7241944055834606
1.7548740213411735
1.736466251886546
1.7426021750380885
1.7303303287350031
1.748738098189631
1.748738098189631
1.7303303287350031
