2.1630638740258425
2.1632182921969774
2.1630038661615405
2.1631614403630803
2.1632941689724308
2.163329424522332
2.1634031457236933
2.16351300221594
2.163526762994147
2.163845841221023
2.164534237978919
2.1653101640733055
2.1652504279031963
2.1662277316055123
2.164108189720631
2.164666756178441
2.1643273056075736
2.164528927563963
2.1657422150443826
2.163954828773256
2.165483109991764
2.1644555372271674
2.164333268980852
2.1663704985997048
2.1660646729680533
2.165790598340107
2.16460962215924
2.1639522987308477
2.1651408460245736
2.1650683112055336
2.1645096575357545
2.164718051625539
2.165435345216147
2.164892360195064
2.1650462800389443
2.166261332476588
2.1643062260906025
2.1655046225933745
2.164863409205196
2.165522983246417
2.16451493954635
2.1648433309938815
2.1657887903345294
2.1643507248381417
2.1649718293851974
2.164826219270418
2.16632119683993
2.1665918056765805
2.165661762788553
2.165607676347394
2.166044326782279
2.165255573844434
2.164655609194107
2.1654701364283993
2.166047915483687
2.1648781946554005
2.164689745171548
2.1648696079126064
2.1653784532536533
2.164848248279567
2.166366710182435
2.1644674722468285
2.1653297831043488
2.1646217051810974
2.164780929296891
2.1651101890681326
2.1650767029449596
2.165765827014639
2.166212254307524
2.164719859684595
2.1645737542616783
2.166642089678568
2.1646242670106113
2.164847350396285
2.1648532934092195
2.1649357645891953
2.1644133804644174
2.164690778132016
2.1663468883260566
2.1648908655028167
2.1648590459049557
2.16716271752169
2.1647788378385506
2.1669396729190744
2.165268345747939
2.165687853675915
2.164386891735036
2.1653357238566078
2.1645391892151262
2.16465169747276
2.165833961948928
2.1647133991790897
2.1652030141707286
2.1645095826947673
2.1649451351697717
2.164668821470434
2.1653522527677223
2.164519297791524
2.1657344954458755
2.1647072747059264
2.1659209065823566
2.1669062439784987
2.1647221695727024
2.164525655450154
2.165451068996498
2.164926584841406
2.1643377521401104
2.16480330045416
2.1650813381183425
2.1660549577191905
2.164532314747801
2.1647328461306814
2.1651062077326277
2.1651071920191756
2.1652725496772534
2.169727984259225
2.169727984259225
2.169727984259225
2.169727984259225
2.169727984259225
2.169727984259225
2.169727984259225
2.169727984259225
2.169727984259225
2.169727984259225
2.1737507388939226
2.1657570809108013
2.1665677947558635
2.1654501692829773
2.1650967080141457
2.1650820901769596
2.164981148615636
2.1646088232351164
2.164593093997081
2.1652696476484112
2.165411765576935
2.1647007203248023
2.164360734425175
2.1646599880148742
2.164754458832227
2.165625149914826
2.1654493126353733
2.165143481500709
2.1642788793366545
2.1641300463342685
2.1643587713191272
2.164427740588693
2.1645962077061554
2.1658330420100875
2.164629542080976
2.1648735786341033
2.165282554925362
2.1652347757510237
2.165044939734337
2.1644273583948355
2.164828926483091
2.1645015478231797
2.1648635295492284
2.1657100309381674
2.16485167057602
2.164621929206715
2.164892903753294
2.1647681830712497
2.164964327573353
2.165031411487637
2.1649935211716707
2.1648998265678205
2.164761889071297
2.1648414244029537
2.164918737557857
2.1660319919569813
2.1647288884283795
2.1648715367816522
2.16480542136133
2.1645225729703728
2.1648388456379566
2.1650929458922876
2.1646054655123144
2.1647531027451286
2.164986700409259
2.1662314169220243
2.1658384256529732
2.1647416483857445
2.165868784305327
2.164633227739103
2.166583677542913
2.1650649748450395
2.1662343514392908
2.164699747439136
2.1648046263125527
2.1727447362702446
2.1709703519413375
2.168396528302434
2.1647307459184426
2.1841521294125132
2.167054818955034
2.170323065302745
2.1987053297972707
2.184473860982955
2.1721735021619852
2.1721735021619852
2.1721735021619852
2.1721735021619852
2.1721735021619852
2.1721735021619852
2.1721735021619852
2.1721735021619852
2.1721735021619852
2.1781893062216886
2.1830043785868405
2.175790550835583
2.1845387961039
2.200861711615323
2.2022653747559198
2.2055340623899697
2.1977499833556147
2.1861412061228216
2.1923518568369054
2.1971604347340294
2.1835664012532288
2.1853698836124864
2.1893074608605856
2.1906728108414706
2.1938591556109506
2.1963283092409265
2.1827571293577326
2.193667202163225
2.1851146105737675
2.1923477069903017
2.194725377251414
2.2085029506056357
2.2059137665995854
2.2114272803918733
2.2073008033669455
2.189731823594434
2.208037089018108
2.209428581163554
2.2094042557945897
2.2105290132821116
2.217032139469302
2.2030150830986535
2.21406445276507
2.21721553537883
2.2135383709430947
2.206277893577021
2.1930206921076394
2.2232493359036343
2.226866615393195
2.2188513076239205
2.2212453441569258
2.1923653124125795
2.218201540764497
2.208473053664289
2.1882887823632866
2.188995605824696
2.1842912616542325
2.1812952782249986
2.1782990512172726
2.1674762594072154
2.165349407876705
2.1625266648301302
2.153255824977949
2.1551277915150933
2.1497932630985948
2.145456241956425
2.141892108152727
2.139275064246831
2.1413169133590477
2.143233967659862
2.140617370989152
2.144812503602031
2.1464094527272546
2.150588721908447
2.146696217807779
2.1441582803209136
2.146859991399348
2.173420959064291
2.173334464790169
2.169256757882004
2.1973925251464625
2.1752414795152446
2.1839887631409907
2.18127786268954
2.2094848286007296
2.202768268725265
2.2045685461465743
2.193341955488195
2.192299928410773
2.203547565529362
2.2042715714336634
2.205833739713199
2.2183113581462814
2.2264003903723872
2.224440396490276
2.2251806878859726
2.227889862731843
2.2245938919197044
2.2204658516603524
2.2225391363345715
2.2210846812563347
2.2143067112663166
2.211528984672214
2.2128546149495025
2.208538130747947
2.2068513868506345
2.2074257457795388
2.2046046715223997
2.212036556372435
2.184005809885612
2.186990015796797
2.178436955517302
2.1802387505124354
2.174898970042522
2.179496679693682
2.1761056791784132
2.1740044811217474
2.1487573362256707
2.1586436619135556
2.153534573630569
2.1457141791755485
2.1626469037689393
2.1626469037689393
2.1627630625484233
2.1637507720633504
2.1637507720633504
2.1637507720633504
2.1637507720633504
2.1727855290623306
2.1750247416551742
2.17454389225891
2.185578607397774
2.1818566494683624
2.180029160088535
2.1705970200134077
2.1716195459512835
2.1649745221451515
2.165347817448051
2.163370823363464
2.155016812074256
2.1575018997020865
2.146107737442581
2.143335882841387
2.136685850916347
2.1351660706362785
2.133571612409935
2.132381772323135
2.1297423345798
2.122412852187016
2.1253077574555657
2.1132282747208206
2.118862435355982
2.1161685241048827
2.1174569003943997
2.121536000454878
2.115139367779437
2.121961520942335
2.1183471391477213
2.130484328237335
2.131894098047067
2.1280160682648948
2.126592468322749
2.1311727921618377
2.1299430455180426
2.13311586587091
2.1383166426120455
2.1380196767714046
2.134165558334752
2.1339346633295952
2.1315542518580375
2.136402068792826
2.1360994988558137
2.131512771993243
2.1268365194541436
2.133839288587892
2.120601988254804
2.1239068302042683
2.120170100671923
2.121049811362456
2.1202708843628253
2.125355089188691
2.1185137419592106
2.1032073935658846
2.1036577820933986
2.123153614133156
2.106229871771241
2.110290155831565
2.122112512863989
2.1309401746801164
2.1309113483778366
2.1331879315381057
2.136574509879223
2.143783819601173
2.158665240168324
2.166211569639938
2.1745924999248376
2.1774244467986725
2.1796695281779264
2.175453601461798
2.1917400361391484
2.189656585549882
2.1972481839363684
2.1970236084109813
2.2008482385868824
2.203404829286968
2.1975838245696657
2.2005004237343737
2.1917340589545877
2.200058615487704
2.2093512406466975
2.2125008983891075
2.205937436599159
2.2057973751087596
2.2057973751087596
2.187977540737859
2.1982201651940074
2.2032486064976724
2.2052487055448373
2.2080476122324937
2.208858273662027
2.214784038209295
2.2097837225223094
2.194012611330406
2.2157626882694887
2.221303298340233
2.224566519464876
2.2263069131839046
2.2283838261258793
2.2311132273338363
2.232080936250532
2.2628471490204562
2.2376620646280183
2.2702849300022705
2.256605788223878
2.268340176928637
2.2626982950677483
2.2676750990746557
2.2654578976643895
2.2619092261765648
2.2623002600462714
2.251447027123811
2.264775129570191
2.2676245649437754
2.2593936556942302
2.2388094566334247
2.232860412759392
2.227572279247503
2.2286864493326153
2.219522787703635
2.21766450993607
2.214367402304762
2.2010547781849934
2.1994314220542304
2.198202709279605
2.1942516898573188
2.194511271587365
2.2014188683785565
2.2061392871144716
2.2090829934606244
2.214378352536306
2.2176706018990626
2.2109717821858688
2.2197598405849392
2.2282070442881117
2.2210506415277527
2.223980011968543
2.237302651796264
2.229018725955387
2.259369187877717
2.231335578068422
2.2440966656643133
2.258758689755414
2.2301955331024743
2.230321997267693
2.229029529877764
2.229283526319801
2.228389367804828
2.2275278658845084
2.2424699729872883
2.2253872944862687
2.2208168733297593
2.218835314767733
2.2043083865105135
2.2233900757872855
2.2161346745424964
2.2071344581981993
2.207955273301342
2.209095073564415
2.2076207605971945
2.206739651669548
2.2057817982975134
2.206515098407413
2.1959941144447446
2.1926691290792983
2.1878592851719976
2.192668275113351
2.1818759300017976
2.1821523822293374
2.181419379761827
2.1786115713841667
2.1796382105195162
2.178365599944607
2.1785290661728234
2.1737831974197297
2.1737831974197297
2.1737831974197297
2.1737831974197297
2.183145767309161
2.183145767309161
2.188424659364462
2.1887238145331236
2.1817261775313166
2.1855122873340367
2.1814934993045614
2.1748765185373133
2.170404173441621
2.1710181493193157
2.168719410317172
2.172682020645649
2.1584716823008865
2.15871342380177
2.1564907197452894
2.144698612310285
2.139991761744141
2.12815881372244
2.1276339962718636
2.1206737174061714
2.1188899781871906
2.115641593697044
2.1134837199093757
2.1070667537083443
2.1067787925383143
2.103926788131685
2.097487794362841
2.096778581534615
2.0931328834892216
2.090572496995108
2.0913067990007645
2.092325021652151
2.0878609121736993
2.088315828497565
2.092894484456386
2.0944006734046066
2.0978825527357676
2.1026290505075846
2.0965447670528383
2.11985525387443
2.0964349896462244
2.1234106766208547
2.1152745855224304
2.1143060974142944
2.1118997353207285
2.1107570509751605
2.10976976982626
2.12156241153984
2.126406610719689
2.1141482987898357
2.120246748021929
2.125945912034955
2.120965069780124
2.120227606689576
2.1174672206755605
2.1097727842574123
2.1079461092487195
2.1034343381896496
2.1034343381896496
2.1034343381896496
2.1034343381896496
2.1002649598757435
2.104493121486774
2.0996975352467757
2.0999634668466234
2.09871764495105
2.1056898331409712
2.105168843051782
2.1111044207431626
2.1163529702306363
2.113868686254457
2.120619017010273
2.1177713096974857
2.1235367529592404
2.1235367529592404
2.135074500328663
2.135074500328663
2.135074500328663
2.156606329658912
2.156606329658912
2.164773830677693
2.1651774278556832
2.1647406472114765
2.1641477000224234
2.1593029598510887
2.1642173015733475
2.1675634003748963
2.168505025787043
2.167467365667899
2.1699158647417662
2.1622160979539222
2.1707006793012416
2.1717478017002843
2.1677952287806947
2.1677952287806947
2.1677952287806947
2.1677952287806947
2.1789025113104223
2.183689771183679
2.1817387775305126
2.1820195683597414
2.189858822562607
2.1882649426439293
2.1863901742683023
2.194284898621438
2.1906596850981113
2.198323827985823
2.187975150129498
2.2127510260249994
2.1882653578914977
2.2203982904146686
2.196093038393568
2.222020313842272
2.2276744107588815
2.2295697712036877
2.2313493480629494
2.2375129003311516
2.249634211235414
2.2321366414154764
2.2319877731492332
2.246246166143329
2.2403109982617555
2.2345983624810892
2.2330112685195487
2.2356630157015744
2.2249071134461706
2.2273384464165393
2.222518939278423
2.220083390303907
2.2134197065381906
2.2042186241408106
2.2004518035695915
2.192935634606788
2.1940184221494587
2.190112778162433
2.181700608234302
2.1851026472048285
2.178927961584034
2.175097017439074
2.1695820223859204
2.168308412542364
2.168255244775113
2.1654017127840746
2.1693661740610772
2.164770540933328
2.16662439870158
2.1709542163654896
2.174097035557125
2.171340598858215
2.177614485979595
2.1944653737605293
2.214566601036281
2.2149510119908604
2.2006000265908963
2.1919123326084495
2.187017542606424
2.187017542606424
2.187017542606424
2.187017542606424
2.187017542606424
2.187017542606424
2.187017542606424
2.187017542606424
2.187017542606424
2.187017542606424
2.187017542606424
2.1672025710139304
2.1681788657364507
2.1691869132651838
2.1700763143779205
2.167889362510824
2.1699326881002055
2.1704629994145055
2.1688174451625595
2.1695634039439464
2.1688803082750034
2.165855187526489
2.1654140636358505
2.1660315740605767
2.1662166191991825
2.1661179678822764
2.165526439727547
2.1651434657195923
2.1646234778578997
2.1668562060341303
2.1644700477204233
2.1621101633429998
2.1648468726603256
2.164006185596268
2.161920822484204
2.163967225893877
2.1635046731540637
2.1626062361737
2.1614877592637938
2.1625304140892085
2.1631582170432386
2.162033598855704
2.1634736215575434
2.1636040227464988
2.163575060229187
2.161983935062804
2.1627399983734996
2.1627789778635216
2.1628603104290867
2.1625073753790924
2.1618587182433684
2.1643077207755694
2.1634155006339486
2.1626003422180586
2.163838932836985
2.1618835516750137
2.1617123450391875
2.163469747255668
2.1621139450666984
2.162989750314531
2.163496201588991
2.1613453538676266
2.1621324552195724
2.162052597896642
2.1616516289274315
2.163605730313512
2.161863362018137
2.173163848444216
2.173163848444216
2.173163848444216
2.173163848444216
2.173163848444216
2.173163848444216
2.173163848444216
2.173163848444216
2.173163848444216
2.173163848444216
2.173163848444216
2.173163848444216
2.173163848444216
2.173163848444216
2.173163848444216
2.173163848444216
2.173163848444216
2.173163848444216
2.173163848444216
2.173163848444216
2.1630847699326083
2.1636108478556446
2.1626829266271765
2.161943531930555
2.1619155111712414
2.163389582940753
2.162153740928697
2.163878144186839
2.1618315370402676
2.162509455031052
2.161003183043373
2.1620701374358133
2.1619093588567746
2.1627534921421345
2.1627255473356484
2.1642593478433114
2.1640980742254414
2.1646635523802265
2.1629597940641565
2.160537041455389
2.162595127417026
2.1626680916139644
2.1613393215061065
2.1613498603454624
2.162572323566623
2.1642450418041395
2.1625096716454077
2.162395341519808
2.162833896136846
2.161020673457279
2.1612471244891838
2.1629614528555843
2.1624486284152846
2.161872330890922
2.1606232146609696
2.1618543352556694
2.1625023659433977
2.1627683052176234
2.1645639969480897
2.161576733205081
2.1645725966838647
2.16341643260029
2.162264077615985
2.161727216083121
2.1617693547937824
2.159757485502683
2.162597360387819
2.1618760708345577
2.1615624408734284
2.160452510773743
2.16120733448546
2.1619987566856214
2.1640032197136545
2.1620136346301932
2.16247081551011
2.163317399410603
2.161858544691902
2.1618337329536885
2.1611480173751425
2.1607006365937615
2.1619968594278385
2.1626464571084023
2.161616197406299
2.1603762489445564
2.1612072675629332
2.1615142645606062
2.1619981358203724
2.1615870791711247
2.1617055806847745
2.1626009750626403
2.161886290395168
2.1611391840357492
2.1622106801170293
2.1615320648877616
2.163330429706065
2.163361281592567
2.160529495114676
2.1607069086624797
2.1628032477696633
2.163321755048253
2.1623399954649
2.16251850022166
2.1634698890673816
2.1627574428047156
2.161468475444264
2.163660182426652
2.162620345164961
2.1624936766514495
2.1607624256119005
2.1626595896993295
