1.88986433067511
1.9205439464328227
1.8837284075235674
1.9082721001297376
1.9082721001297376
1.932815792735908
1.8714565612204823
2.024854640009046
1.9512235621905356
1.8346410223112268
1.8775924843720249
1.9205439464328227
1.902136176978195
1.88986433067511
1.9266798695843652
1.8714565612204823
1.9082721001297376
1.8407769454627694
1.9205439464328227
1.902136176978195
1.9082721001297376
1.9266798695843652
1.8714565612204823
1.8837284075235674
1.9082721001297376
1.8775924843720249
1.9144080232812801
1.88986433067511
1.9266798695843652
1.9144080232812801
1.88986433067511
1.9205439464328227
1.8714565612204823
1.8775924843720249
1.8530487917658545
1.8346410223112268
1.8714565612204823
1.8346410223112268
1.859184714917397
1.902136176978195
1.8775924843720249
1.9266798695843652
1.8960002538266525
1.8837284075235674
1.8837284075235674
1.8162332528565992
1.9266798695843652
1.8039614065535141
1.846912868614312
1.8039614065535141
1.859184714917397
1.8530487917658545
1.8714565612204823
1.9082721001297376
1.8837284075235674
1.902136176978195
1.9634954084936207
2.0064468705544187
1.9389517158874505
1.9941750242513334
2.086213871524472
2.110757564130642
2.1659808724945253
2.116893487282185
2.0800779483729293
2.1230294104337273
2.184388641949153
2.1659808724945253
2.2089323345553233
2.184388641949153
2.12916533358527
2.110757564130642
2.110757564130642
2.0064468705544187
2.073942025221387
2.110757564130642
2.0371264863121317
2.0493983326152168
2.061670178918302
2.030990563160589
2.055534255766759
2.086213871524472
2.067806102069844
2.018718716857504
2.043262409463674
2.061670178918302
2.1046216409791
2.1353012567368124
2.2027964114037806
2.1905245651006955
2.172116795646068
2.086213871524472
2.043262409463674
2.086213871524472
2.110757564130642
1.9389517158874505
1.9512235621905356
1.8775924843720249
1.9144080232812801
2.0371264863121317
2.043262409463674
2.000310947402876
1.9634954084936207
1.6873788666742053
1.4787574795217582
1.4910293258248433
1.552388557340269
1.748738098189631
1.705786636128833
1.8223691760081417
1.9082721001297376
1.945087639038993
1.9757672547967058
2.141437179888355
2.141437179888355
2.024854640009046
1.662835174068035
1.509437095279471
1.4603497100671303
1.5462526341887264
2.067806102069844
1.6935147898257479
1.7119225592803755
1.846912868614312
2.0371264863121317
2.030990563160589
2.1230294104337273
2.0493983326152168
1.7671458676442586
1.5033011721279284
1.5033011721279284
2.5280003384355365
2.9697868053466014
2.8409324191642074
2.8532042654672924
3.000466421104314
2.791845033951867
2.5770877236478773
2.380738182798515
2.110757564130642
1.9880391010997909
2.282563412373834
2.448233337465483
2.405281875404685
2.4911847995262812
2.4911847995262812
2.442097414313941
2.350058567040802
2.1905245651006955
2.012582793705961
1.88986433067511
1.5707963267948966
1.0369710126106935
0.9510680884890975
2.3193789512830896
2.84706834231575
2.3746022596469727
2.380738182798515
2.5157284921324514
2.6200391857086753
2.5954954931025047
2.478912953223196
2.399145952253143
2.4175537217077703
2.282563412373834
2.1659808724945253
2.0493983326152168
1.9634954084936207
1.8653206380689396
1.8407769454627694
1.761009944492716
1.7426021750380885
1.7732817907958012
1.8653206380689396
1.9082721001297376
2.018718716857504
2.1659808724945253
1.859184714917397
1.4051264017032472
1.2517283229146832
1.41126232485479
1.6321555583103222
1.8100973297050567
1.9757672547967058
2.12916533358527
2.2150682577068657
2.2764274892222915
2.3439226438892597
2.3439226438892597
2.3623304133438876
2.3439226438892597
2.282563412373834
2.2580197197676637
2.2396119503130363
2.1598449493429825
2.1598449493429825
2.12916533358527
2.2212041808584084
2.448233337465483
2.8532042654672924
3.3195344249845276
3.8288160465625602
4.23378697456437
4.522175362686871
4.706253057233147
4.945554060143307
5.301437602932776
5.964117303299373
0.3620194659410113
1.0983302441261191
1.4787574795217582
1.6260196351587797
1.3989904785517047
0.9940195505498954
0.5276893910326605
0.3129320807286708
0.07976700097005335
0.04908738521234052
0.04295146206079795
0.07363107781851078
0.0674951546669682
0.15339807878856412
0.1718058482431918
0.2270291566070749
0.25157284921324513
0.2086213871524472
0.25770877236478773
0.2638446955163303
0.3129320807286708
0.380427235395639
0.4479223900626072
0.5399612373357456
0.6013204688511713
0.6320000846088841
0.705631162427395
0.662679700366597
0.619728238305799
0.5154175447295755
0.28225246497095796
6.240233845118788
5.8659425328746915
5.50392306693368
5.283029833478148
5.160311370447297
5.049864753719531
4.884194828627882
4.7860200582032
4.816699673960914
4.798291904506286
4.706253057233147
4.6448938257177215
4.601942363656923
4.546719055293041
4.4976316700806995
4.522175362686871
4.595806440505381
4.743068596142402
4.921010367537137
5.148039524144211
5.252350217720435
5.197126909356553
4.933282213840222
4.589670517353839
4.319689898685965
4.049709280018092
3.767456815047135
3.6140587362585705
3.3072625786814425
3.117048960983623
2.859340188618835
2.7120780329818137
2.4850488763747385
2.2457478734645786
1.9082721001297376
1.5585244804918115
1.1351457830353744
0.6933593161243098
0.3620194659410113
6.240233845118788
5.872078456026235
5.626641529964532
5.50392306693368
5.393476450205914
5.393476450205914
5.344389064993574
5.387340527054372
5.4671075280244255
5.595961914206819
5.602097837358362
5.651185222570702
5.688000761479957
5.9518454569962875
0.09817477042468103
0.5522330836388308
1.012427320004523
1.4726215563702154
1.8653206380689396
2.2948352586769194
2.662990647769473
3.000466421104314
3.313398501832985
3.5772431973493153
3.890175278077986
4.28287435977671
4.6448938257177215
5.080544369477243
5.6143696836614465
0.07976700097005335
0.5583690067903734
1.043106935762236
1.227184630308513
1.4296700943094176
1.564660403643354
1.7426021750380885
1.8775924843720249
2.0493983326152168
2.2948352586769194
2.466641106920111
2.6016314162540475
2.791845033951867
2.8838838812250054
2.791845033951867
2.6016314162540475
2.497320722677824
2.411417798556228
2.497320722677824
2.5770877236478773
2.4605051837685683
2.36846633649543
2.325514874434632
2.1598449493429825
1.9696313316451632
1.718058482431918
1.6382914814618648
1.5585244804918115
1.423534171157875
1.4603497100671303
1.5462526341887264
1.7855536370988863
2.030990563160589
2.3071071049800045
2.6016314162540475
2.804116880254952
2.8654761117703775
2.834796496012665
2.730485802436441
2.5464081078901644
2.313243028131547
2.061670178918302
1.9266798695843652
1.7732817907958012
1.6014759425526093
1.4419419406125027
1.2885438618239387
1.184233168247715
1.0921943209745766
0.944932165337555
0.7669903939428205
0.6565437772150544
0.48473792897186263
0.35588354278946877
0.30066023442558565
0.2945243112740431
0.20248546400090464
0.22089323345553233
0.22089323345553233
0.2699806186678728
0.3620194659410113
0.4111068511533518
0.5645049299419159
0.6872233929727672
0.8344855486097889
1.0615147052168636
1.3008157081270237
2.030990563160589
2.448233337465483
2.8102528034064944
3.184544115650591
3.4054373491061236
3.5711072741977725
3.6079228131070282
3.767456815047135
3.80427235395639
3.877903431774901
3.9269908169872414
4.000621894805752
3.865631585471816
3.785864584501762
3.6263305825616556
3.552699504743145
3.3440781175906977
3.153864499892878
2.9697868053466014
2.7857091108003242
2.5034566458293663
2.141437179888355
1.718058482431918
1.3008157081270237
1.030835089459151
0.760854470791278
0.5338253141842031
0.3129320807286708
0.14112623248547898
0.05522330836388308
0.07363107781851078
0.1227184630308513
0.1043106935762236
0.018407769454627694
6.277049384028044
6.258641614573416
0.11658253987930872
0.09203884727313846
6.191146459906448
5.964117303299373
5.66959299202533
5.411884219660542
5.2768939103266055
4.9394181369917645
4.773748211900116
4.430136515413731
4.264466590322082
3.902447124381071
3.724505352986337
3.5833791205008576
3.368621810196868
3.117048960983623
2.779573187648782
2.411417798556228
1.705786636128833
1.3621749396424494
1.043106935762236
0.6933593161243098
0.44178646691106466
0.12885438618239387
6.17273869045182
5.859806609723149
5.589825991055276
5.227806525114265
4.945554060143307
4.693981210930062
4.454680208019902
4.28287435977671
4.111068511533518
4.025165587411922
3.9638063558964967
4.037437433715008
3.988350048502667
4.196971435655114
4.522175362686871
4.884194828627882
5.295301679781233
5.595961914206819
5.6573211457222445
5.375068680751287
5.289165756629691
5.178719139901925
5.031456984264903
4.81056375080937
4.620350133111551
4.657165672020807
4.608078286808466
4.608078286808466
4.73693267299086
4.890330751779424
5.111223985234957
5.338253141842031
5.71868037723767
6.050020227420969
0.1718058482431918
0.48473792897186263
0.7669903939428205
1.0246991663076084
1.2762720155208536
1.5892040962495242
1.859184714917397
2.172116795646068
2.5280003384355365
2.945243112740431
3.2765829629237295
3.6017868899554855
3.9147189706841563
4.1417481272912315
4.424000592262189
4.804427827657828
5.178719139901925
5.577554144752192
6.019340611663256
0.0
0.1595340019401067
0.3374757733348411
0.5092816215780329
0.6135923151542565
0.6994952392758523
0.8713010875190442
0.9326603190344698
1.086058397823034
1.2455923997631406
1.3130875544301088
1.4296700943094176
1.5278448647340985
1.5585244804918115
1.662835174068035
1.761009944492716
1.9573594853420782
2.0493983326152168
1.9082721001297376
1.7732817907958012
1.705786636128833
1.607611865704152
1.3744467859455345
1.0983302441261191
0.9878836273983529
0.8651651643675016
0.8222137023067037
0.760854470791278
0.7179030087304801
0.8099418560036186
0.9940195505498954
1.1965050145508
1.4358060174609601
1.6321555583103222
1.7794177139473437
1.8653206380689396
1.8714565612204823
1.9144080232812801
1.945087639038993
1.9819031779482483
1.9634954084936207
2.018718716857504
2.086213871524472
2.1353012567368124
2.2334760271614935
2.3193789512830896
2.3623304133438876
2.399145952253143
2.399145952253143
2.454369260617026
2.386874105950058
2.337786720737717
2.2764274892222915
2.2334760271614935
2.0923497946760143
1.945087639038993
1.7978254834019713
1.718058482431918
1.5278448647340985
1.4051264017032472
1.2762720155208536
1.227184630308513
1.1228739367322893
1.141281706186917
1.1474176293384597
1.227184630308513
1.2333205534600555
1.2578642460662257
1.3621749396424494
1.4848934026733007
1.662835174068035
1.88986433067511
2.2334760271614935
2.6261751088602177
3.2213596545598464
3.6447383520162835
4.061981126321178
4.252194744018997
4.411728745959104
4.565126824747668
4.76147636559703
4.73693267299086
4.847379289718626
4.92714629068868
4.8351074434155406
4.792155981354743
4.749204519293945
4.6448938257177215
4.503767593232243
4.454680208019902
4.399456899656019
4.331961744989051
4.196971435655114
4.006757817957295
3.9085830475326135
3.8288160465625602
3.693825737228624
3.448388811166921
3.1354567304382504
2.7979809571034093
2.564815877344792
2.405281875404685
2.2027964114037806
2.000310947402876
1.9205439464328227
1.8714565612204823
1.7671458676442586
1.6198837120072371
1.4971652489763858
1.4603497100671303
1.4787574795217582
1.1719613219446299
0.7731263170943632
0.23930100291016002
6.111379458936394
5.700272607783043
5.325981295538946
4.896466674930966
4.509903516383785
4.166291819897402
3.8288160465625602
3.54042765844006
3.2090878082567613
2.816388726558037
2.386874105950058
1.9082721001297376
1.141281706186917
0.5338253141842031
0.1227184630308513
5.816855147662351
5.270757987175063
5.037592907416445
4.577398671050753
4.325825821837508
3.9147189706841563
3.6876898140770815
3.393165502803038
3.2213596545598464
2.9268353432858034
2.859340188618835
2.8654761117703775
2.9820586516496865
3.1661363461959633
3.485204350076177
3.822680123411018
4.166291819897402
4.509903516383785
4.779884135051658
5.0682725231741586
5.460971604872882
6.025476534814799
0.5890486225480862
1.4787574795217582
2.12916533358527
2.718213956133356
3.129320807286708
3.6140587362585705
3.9269908169872414
4.319689898685965
4.755340442445488
5.221670601962723
5.798447378207723
0.006135923151542565
0.48473792897186263
0.8713010875190442
1.1903690913992575
1.41126232485479
1.4480778637640452
1.4173982480063325
1.5033011721279284
1.6321555583103222
1.7671458676442586
1.846912868614312
1.8100973297050567
1.6873788666742053
1.4664856332186729
1.1719613219446299
0.8528933180644165
0.4663301595172349
0.19634954084936207
0.05522330836388308
6.117515382087937
5.976389149602458
5.755495916146925
5.301437602932776
4.700117134081604
4.074252972624263
3.5956509668039427
3.184544115650591
2.84706834231575
2.742757648739526
2.564815877344792
2.454369260617026
2.356194490192345
2.2948352586769194
2.399145952253143
2.423689644859313
2.4175537217077703
2.2948352586769194
2.325514874434632
2.325514874434632
2.313243028131547
2.3623304133438876
2.3316507975861747
2.3193789512830896
2.325514874434632
2.2396119503130363
2.2396119503130363
2.12916533358527
2.116893487282185
2.0923497946760143
2.055534255766759
2.0371264863121317
2.024854640009046
2.0800779483729293
2.2027964114037806
2.386874105950058
2.5770877236478773
2.650718801466388
2.405281875404685
2.1659808724945253
2.0064468705544187
2.030990563160589
2.1598449493429825
2.2641556429192065
2.3439226438892597
2.442097414313941
2.478912953223196
2.552544031041707
2.5280003384355365
2.350058567040802
2.098485717827557
2.2089323345553233
2.4175537217077703
2.018718716857504
2.018718716857504
2.736621725587984
3.0066023442558567
2.466641106920111
1.6873788666742053
1.6566992509164924
1.6321555583103222
1.8714565612204823
2.1046216409791
2.4727770300716534
2.5034566458293663
2.1782527187976104
2.2396119503130363
1.9082721001297376
1.4358060174609601
1.607611865704152
1.8162332528565992
1.705786636128833
1.6751070203711202
1.6566992509164924
1.7978254834019713
1.7303303287350031
2.0493983326152168
2.724349879284899
2.791845033951867
2.804116880254952
2.6568547246179306
2.6691265709210157
2.9575149590435164
2.9820586516496865
3.031146036862027
2.988194574801229
2.509592568980909
2.8286605728611223
3.104777114680538
3.000466421104314
2.9513790358919736
2.761165418194154
2.4911847995262812
2.2457478734645786
2.12916533358527
2.3439226438892597
2.448233337465483
2.098485717827557
2.030990563160589
2.313243028131547
2.2396119503130363
2.2641556429192065
2.3930100291016
2.405281875404685
2.399145952253143
2.521864415283994
2.4850488763747385
2.497320722677824
2.3930100291016
2.3623304133438876
2.466641106920111
2.521864415283994
2.5402721847386216
2.466641106920111
2.4727770300716534
2.4911847995262812
2.509592568980909
2.5157284921324514
2.509592568980909
2.6384469551633027
2.6261751088602177
2.5832236467994196
2.478912953223196
2.448233337465483
2.4605051837685683
2.411417798556228
2.466641106920111
2.466641106920111
2.442097414313941
2.435961491162398
2.435961491162398
2.552544031041707
2.435961491162398
2.4727770300716534
2.429825568010856
2.466641106920111
2.399145952253143
2.448233337465483
2.4727770300716534
2.448233337465483
2.4727770300716534
2.4911847995262812
2.4727770300716534
2.442097414313941
2.442097414313941
2.4727770300716534
2.521864415283994
2.497320722677824
2.4911847995262812
2.466641106920111
2.478912953223196
2.454369260617026
2.466641106920111
2.5034566458293663
2.466641106920111
2.4727770300716534
2.5034566458293663
2.4850488763747385
2.497320722677824
2.521864415283994
2.4850488763747385
2.509592568980909
2.442097414313941
2.521864415283994
2.448233337465483
2.478912953223196
2.5402721847386216
2.478912953223196
2.448233337465483
