1.88986433067511
1.920543946432823
1.8837284075235678
1.908272100129738
1.908272100129738
1.9328157927359086
1.871456561220483
2.0248546400090466
1.951223562190536
1.834641022311227
1.8775924843720253
1.9205439464328233
1.9021361769781957
1.8898643306751108
1.926679869584366
1.871456561220483
1.908272100129738
1.8407769454627698
1.9205439464328231
1.9021361769781957
1.9082721001297382
1.9266798695843659
1.871456561220483
1.8837284075235678
1.908272100129738
1.877592484372025
1.9144080232812801
1.88986433067511
1.9266798695843652
1.9144080232812801
1.88986433067511
1.920543946432823
1.8714565612204823
1.8775924843720246
1.8530487917658542
1.8346410223112266
1.871456561220482
1.8346410223112266
1.8591847149173966
1.9021361769781946
1.8775924843720244
1.9266798695843648
1.8960002538266523
1.883728407523567
1.883728407523567
1.8162332528565988
1.9266798695843645
1.8039614065535134
1.8469128686143113
1.8039614065535134
1.8591847149173963
1.8530487917658538
1.8714565612204814
1.9082721001297367
1.8837284075235665
1.9021361769781944
1.96349540849362
2.006446870554418
1.9389517158874496
1.9941750242513323
2.086213871524471
2.1107575641306413
2.165980872494524
2.116893487282184
2.0800779483729284
2.1230294104337264
2.1843886419491523
2.1659808724945244
2.2089323345553225
2.1843886419491523
2.1291653335852687
2.1107575641306404
2.1107575641306404
2.0064468705544165
2.0739420252213843
2.11075756413064
2.037126486312129
2.0493983326152145
2.0616701789182996
2.0309905631605867
2.0555342557667573
2.0862138715244707
2.0678061020698424
2.018718716857502
2.043262409463672
2.0616701789183
2.104621640979098
2.1353012567368106
2.202796411403779
2.190524565100694
2.1721167956460667
2.0862138715244702
2.043262409463672
2.0862138715244702
2.1107575641306404
1.9389517158874483
1.9512235621905334
1.8775924843720224
1.9144080232812775
2.037126486312129
2.0432624094636713
2.0003109474028733
1.963495408493618
1.687378866674203
1.4787574795217557
1.491029325824841
1.5523885573402665
1.7487380981896286
1.7057866361288303
1.8223691760081389
1.9082721001297347
1.9450876390389902
1.975767254796703
2.141437179888352
2.1414371798883525
2.024854640009044
1.6628351740680327
1.509437095279469
1.4603497100671283
1.5462526341887246
2.0678061020698424
1.693514789825746
1.711922559280374
1.8469128686143106
2.037126486312131
2.0309905631605885
2.1230294104337273
2.0493983326152168
1.7671458676442584
1.5033011721279281
1.5033011721279284
2.528000338435536
2.9697868053466006
2.8409324191642065
2.853204265467291
3.0004664211043126
2.7918450339518652
2.577087723647875
2.3807381827985123
2.1107575641306395
1.9880391010997887
2.282563412373832
2.448233337465482
2.4052818754046843
2.4911847995262804
2.4911847995262804
2.44209741431394
2.3500585670408016
2.1905245651006955
2.012582793705961
1.8898643306751102
1.5707963267948968
1.0369710126106937
0.9510680884890979
2.3193789512830896
2.8470683423157497
2.3746022596469727
2.380738182798515
2.5157284921324514
2.6200391857086753
2.5954954931025043
2.4789129532231953
2.3991459522531424
2.41755372170777
2.282563412373833
2.1659808724945244
2.049398332615216
1.9634954084936198
1.8653206380689387
1.8407769454627685
1.7610099444927152
1.7426021750380873
1.7732817907958
1.8653206380689387
1.9082721001297367
2.018718716857503
2.165980872494525
1.8591847149173968
1.405126401703247
1.251728322914683
1.4112623248547898
1.632155558310322
1.8100973297050562
1.9757672547967051
2.129165333585269
2.2150682577068643
2.2764274892222898
2.343922643889258
2.343922643889258
2.362330413343886
2.343922643889258
2.282563412373832
2.258019719767662
2.239611950313035
2.1598449493429817
2.1598449493429817
2.129165333585269
2.2212041808584075
2.4482333374654823
2.8532042654672916
3.3195344249845267
3.828816046562559
4.233786974564369
4.522175362686871
4.706253057233147
4.945554060143306
5.301437602932774
5.964117303299371
6.645204773120596
7.381515551305704
7.761942786701342
7.909204942338364
7.682175785731289
7.27720485772948
6.8108746982122454
6.596117387908256
6.362952308149639
6.332272692391926
6.326136769240383
6.356816384998096
6.3506804618465535
6.43658338596815
6.4549911554227775
6.51021446378666
6.53475815639283
6.491806694332032
6.5408940795443735
6.547030002695916
6.596117387908256
6.663612542575224
6.731107697242193
6.823146544515331
6.884505776030757
6.915185391788469
6.98881646960698
6.945865007546182
6.902913545485385
6.798602851909161
6.565437772150544
6.240233845118789
5.865942532874693
5.503923066933683
5.28302983347815
5.160311370447298
5.049864753719532
4.884194828627882
4.786020058203201
4.8166996739609145
4.7982919045062875
4.706253057233148
4.644893825717722
4.601942363656924
4.546719055293042
4.4976316700807
4.522175362686871
4.59580644050538
4.7430685961424
4.921010367537134
5.148039524144209
5.252350217720432
5.19712690935655
4.9332822138402195
4.589670517353836
4.319689898685962
4.049709280018089
3.7674568150471313
3.614058736258567
3.3072625786814385
3.117048960983619
2.859340188618831
2.7120780329818097
2.4850488763747345
2.2457478734645746
1.908272100129734
1.558524480491808
1.1351457830353708
0.6933593161243063
0.36201946594100776
-0.04295146206080158
-0.4111068511533551
-0.6565437772150577
-0.7792622402459095
-0.8897088569736757
-0.8897088569736757
-0.9387962421860161
-0.8958447801252181
-0.8160777791551643
-0.6872233929727711
-0.6810874698212279
-0.6320000846088876
-0.5951845456996327
-0.33133985018330225
0.09817477042467715
0.552233083638827
1.012427320004519
1.4726215563702114
1.8653206380689356
2.2948352586769154
2.6629906477694685
3.0004664211043095
3.3133985018329803
3.577243197349311
3.8901752780779817
4.282874359776706
4.644893825717717
5.08054436947724
5.614369683661442
6.3629523081496355
6.841554313969955
7.326292242941818
7.510369937488095
7.712855401488999
7.847845710822935
8.02578748221767
8.160777791551606
8.332583639794798
8.5780205658565
8.749826414099692
8.884816723433628
9.075030341131448
9.167069188404586
9.075030341131448
8.884816723433628
8.780506029857404
8.694603105735808
8.780506029857404
8.860273030827457
8.743690490948147
8.65165164367501
8.60870018161421
8.443030256522562
8.252816638824742
8.001243789611497
7.921476788641444
7.841709787671391
7.706719478337455
7.74353501724671
7.8294379413683055
8.068738944278465
8.314175870340168
8.590292412159585
8.884816723433627
9.087302187434531
9.148661418949956
9.117981803192244
9.01367110961602
8.829593415069743
8.596428335311126
8.344855486097881
8.209865176763945
8.05646709797538
7.884661249732188
7.7251272477920825
7.571729169003519
7.467418475427294
7.375379628154155
7.228117472517133
7.050175701122399
6.939729084394632
6.767923236151441
6.639068849969047
6.5838455416051636
6.577709618453621
6.485670771180483
6.504078540635111
6.504078540635111
6.553165925847451
6.645204773120589
6.69429215833293
6.847690237121494
6.970408700152346
7.117670855789367
7.344700012396442
7.584001015306603
8.314175870340168
8.731418644645062
9.093438110586073
9.467729422830168
9.688622656285698
9.854292581377347
9.891108120286603
10.050642122226709
10.087457661135964
10.161088738954474
10.210176124166814
10.283807201985326
10.14881689265139
10.069049891681336
9.909515889741229
9.83588481192272
9.627263424770272
9.437049807072452
9.252972112526175
9.068894417979898
8.78664195300894
8.424622487067928
8.001243789611491
7.5840010153065975
7.314020396638725
7.044039777970852
6.817010621363777
6.596117387908245
6.4243115396650525
6.3384086155434565
6.356816384998084
6.405903770210425
6.387496000755798
6.301593076634202
6.277049384028031
6.258641614573402
6.399767847058881
6.37522415445271
6.191146459906433
5.964117303299358
5.669592992025315
5.411884219660528
5.276893910326591
4.93941813699175
4.773748211900101
4.430136515413717
4.264466590322068
3.902447124381056
3.7245053529863217
3.583379120500843
3.3686218101968533
3.1170489609836087
2.7795731876487677
2.411417798556214
1.7057866361288192
1.3621749396424354
1.043106935762222
0.6933593161242957
0.4417864669110506
0.12885438618237982
-0.11044661672778044
-0.4233786974564513
-0.6933593161243241
-1.0553787820653353
-1.3376312470362937
-1.5892040962495386
-1.828505099159698
-2.00031094740289
-2.1721167956460823
-2.2580197197676783
-2.319378951283104
-2.245747873464593
-2.2948352586769336
-2.0862138715244862
-1.7610099444927299
-1.3989904785517187
-0.9878836273983671
-0.6872233929727818
-0.6258641614573559
-0.9081166264283134
-0.9940195505499094
-1.1044661672776757
-1.2517283229146976
-1.47262155637023
-1.6628351740680491
-1.6260196351587934
-1.6751070203711347
-1.6751070203711347
-1.5462526341887406
-1.3928545554001763
-1.1719613219446439
-0.9449321653375691
-0.56450492994193
-0.23316507975863132
0.1718058482431779
0.48473792897184875
0.7669903939428065
1.0246991663075944
1.2762720155208396
1.5892040962495102
1.8591847149173832
2.172116795646054
2.5280003384355227
2.945243112740417
3.276582962923716
3.6017868899554717
3.914718970684142
4.141748127291217
4.424000592262175
4.804427827657815
5.178719139901912
5.577554144752178
6.019340611663242
6.283185307179573
6.4427193091196795
6.620661080514414
6.792466928757606
6.896777622333829
6.982680546455425
7.154486394698617
7.215845626214043
7.3692437050026065
7.528777706942712
7.59627286160968
7.712855401488989
7.811030171913669
7.841709787671381
7.946020481247604
8.044195251672285
8.240544792521646
8.332583639794786
8.191457407309306
8.05646709797537
7.988971943308401
7.890797172883721
7.657632093125104
7.3815155513056885
7.271068934577922
7.148350471547071
7.105399009486273
7.0440397779708475
7.001088315910049
7.093127163183188
7.2772048577294655
7.47969032173037
7.71899132464053
7.915340865489892
8.062603021126915
8.14850594524851
8.154641868400052
8.197593330460851
8.228272946218564
8.26508848512782
8.246680715673191
8.301904024037075
8.369399178704043
8.418486563916385
8.516661334341066
8.602564258462662
8.64551572052346
8.682331259432715
8.682331259432715
8.737554567796598
8.67005941312963
8.620972027917288
8.559612796401861
8.516661334341064
8.375535101855585
8.228272946218564
8.081010790581542
8.00124378961149
7.811030171913671
7.688311708882821
7.5594573227004265
7.510369937488085
7.406059243911861
7.424467013366489
7.430602936518032
7.510369937488086
7.5165058606396284
7.541049553245799
7.645360246822022
7.768078709852873
7.946020481247608
8.173049637854682
8.516661334341066
8.909360416039789
9.504544961739416
9.927923659195853
10.345166433500747
10.535380051198565
10.694914053138673
10.848312131927235
11.044661672776598
11.02011798017043
11.130564596898196
11.21033159786825
11.11829275059511
11.075341288534311
11.032389826473512
10.928079132897288
10.78695290041181
10.73786551519947
10.682642206835588
10.61514705216862
10.480156742834684
10.289943125136865
10.191768354712183
10.11200135374213
9.977011044408194
9.731574118346492
9.41864203761782
9.08116626428298
8.848001184524362
8.688467182584255
8.48598171858335
8.283496254582445
8.20372925361239
8.15464186840005
8.050331174823826
7.9030690191868045
7.780350556155954
7.743535017246697
7.761942786701325
7.455146629124196
7.05631162427393
6.522486310089727
6.111379458936375
5.700272607783024
5.325981295538926
4.896466674930948
4.5099035163837655
4.166291819897383
3.828816046562541
3.540427658440041
3.2090878082567427
2.816388726558019
2.38687410595004
1.9082721001297203
1.1412817061868994
0.5338253141841856
0.12271846303083378
-0.466330159517252
-1.01242732000454
-1.245592399763158
-1.7057866361288498
-1.9573594853420948
-2.368466336495447
-2.5954954931025216
-2.890019804376565
-3.0618256526197567
-3.3563499638937997
-3.423845118560768
-3.4177091954092256
-3.3011266555299166
-3.11704896098364
-2.797980957103426
-2.460505183768585
-2.1168934872822014
-1.773281790795818
-1.5033011721279452
-1.2149127840054446
-0.8222137023067209
-0.25770877236480416
0.5890486225480691
1.478757479521741
2.129165333585253
2.718213956133339
3.1293208072866907
3.6140587362585532
3.9269908169872245
4.319689898685948
4.755340442445471
5.221670601962706
5.798447378207706
6.289321230331112
6.767923236151432
7.154486394698614
7.473554398578826
7.694447632034358
7.731263170943614
7.7005835551859025
7.786486479307499
7.915340865489892
8.050331174823828
8.130098175793883
8.093282636884627
7.970564173853775
7.749670940398243
7.455146629124201
7.1360786252439885
6.749515466696807
6.479534848028934
6.338408615543455
6.117515382087921
5.976389149602442
5.755495916146909
5.30143760293276
4.700117134081587
4.0742529726242465
3.595650966803926
3.1845441156505743
2.8470683423157332
2.7427576487395093
2.564815877344775
2.454369260617008
2.3561944901923266
2.294835258676901
2.3991459522531247
2.4236896448592944
2.417553721707752
2.2948352586769016
2.325514874434614
2.325514874434614
2.3132430281315286
2.3623304133438694
2.3316507975861565
2.3193789512830714
2.325514874434614
2.239611950313019
2.2396119503130185
2.1291653335852523
2.1168934872821676
2.092349794675997
2.0555342557667418
2.0371264863121143
2.0248546400090293
2.080077948372912
2.2027964114037633
2.3868741059500405
2.57708772364786
2.650718801466371
2.4052818754046683
2.165980872494509
2.0064468705544027
2.030990563160573
2.159844949342967
2.2641556429191905
2.3439226438892433
2.4420974143139245
2.4789129532231797
2.5525440310416907
2.52800033843552
2.350058567040786
2.098485717827541
2.2089323345553074
2.4175537217077543
2.0187187168574874
2.018718716857488
2.736621725587968
3.0066023442558407
2.466641106920095
1.6873788666741891
1.6566992509164764
1.6321555583103062
1.871456561220466
2.1046216409790834
2.4727770300716374
2.50345664582935
2.178252718797594
2.2396119503130194
1.9082721001297207
1.4358060174609433
1.6076118657041354
1.8162332528565825
1.705786636128816
1.6751070203711036
1.656699250916476
1.7978254834019547
1.7303303287349863
2.0493983326152
2.724349879284882
2.79184503395185
2.8041168802549348
2.6568547246179133
2.6691265709209984
2.9575149590434986
2.9820586516496688
3.031146036862009
2.988194574801211
2.5095925689808913
2.8286605728611045
3.1047771146805205
3.000466421104297
2.9513790358919567
2.7611654181941367
2.4911847995262635
2.245747873464561
2.1291653335852523
2.3439226438892415
2.448233337465465
2.098485717827539
2.0309905631605703
2.3132430281315277
2.2396119503130176
2.264155642919188
2.393010029101582
2.405281875404667
2.399145952253124
2.521864415283975
2.48504887637472
2.4973207226778054
2.3930100291015814
2.362330413343869
2.466641106920093
2.521864415283976
2.5402721847386034
2.4666411069200924
2.4727770300716347
2.4911847995262626
2.5095925689808904
2.5157284921324328
2.5095925689808904
2.6384469551632845
2.6261751088601994
2.583223646799401
2.478912953223178
2.448233337465465
2.46050518376855
2.4114177985562093
2.466641106920093
2.4666411069200933
2.442097414313923
2.43596149116238
2.4359614911623795
2.552544031041688
2.435961491162379
2.4727770300716343
2.4298255680108367
2.466641106920092
2.3991459522531233
2.4482333374654637
2.472777030071634
2.4482333374654637
2.472777030071634
2.4911847995262617
2.472777030071634
2.4420974143139214
2.4420974143139214
2.472777030071634
2.521864415283974
2.4973207226778045
2.491184799526262
2.4666411069200924
2.478912953223178
2.454369260617008
2.4666411069200938
2.503456645829349
2.4666411069200938
2.4727770300716365
2.50345664582935
2.4850488763747216
2.497320722677807
2.5218644152839773
2.4850488763747216
2.5095925689808927
2.442097414313925
2.5218644152839778
2.448233337465467
2.4789129532231797
2.540272184738605
2.4789129532231797
2.448233337465467
