2.0476181741339987
2.047209478209232
2.047317047136482
2.0472101194946006
2.0474689038675824
2.0476347577127805
2.0480559389793993
2.047694279095594
2.0475912743376976
2.0481775873358883
2.048301143402438
2.0484034566555636
2.047746323069169
2.0480121154894837
2.0485533550725794
2.048843129784138
2.04825106605244
2.0481455554702848
2.0481953456488733
2.0483343597407995
2.047940027863055
2.0486807172004253
2.0483111917051824
2.048203511689222
2.0491257200830835
2.0488091919430347
2.048458912993787
2.0487681457717857
2.0485236783781153
2.048582745857534
2.048367661846673
2.048869076581569
2.048799804006418
2.0490623748538432
2.0480244927685765
2.0479932934037604
2.0482204225710317
2.048418167658534
2.0493457620076727
2.0488434832078024
2.0484072624939196
2.048274656896794
2.0489150659844255
2.048818430400995
2.0486104581795264
2.048564893979813
2.0487356727360515
2.0490270448399763
2.048659686305841
2.048693578207033
2.048416727363265
2.048688148335431
2.048806755902743
2.048597908948349
2.0490341924049957
2.0485890411868306
2.0488497113860733
2.0486547577327334
2.048235480739784
2.0484786205122094
2.048706572038554
2.0485961721897143
2.0487711673502114
2.048793655289915
2.0484299365127985
2.048490465494742
2.0483056613471344
2.048709605934662
2.048943169184292
2.0485656435743205
2.048296532975185
2.0487170680778677
2.0492064622944186
2.048246651683069
2.0488293406088314
2.0491993546955496
2.048133799539209
2.048645818360234
2.0485550769403873
2.0489354502108483
2.048711376822609
2.048844816912621
2.0484402125286327
2.048480896396672
2.048727636110531
2.0485946589352286
2.048908325219894
2.048686874673597
2.0489272531687304
2.048508353599728
2.048697128007382
2.0489079271960913
2.0486783418368146
2.0487722377429005
2.048306561304478
2.0485060400286836
2.048999646952559
2.048847311294235
2.04877794606732
2.04776265687017
2.048646280406291
2.0486213275958955
2.0481208449441173
2.048425773362589
2.049113228903237
2.0489900319105243
2.0484497084884143
2.048360950528003
2.048397205726457
2.048765304597793
2.048482047461714
2.0490477622621284
2.049001253629754
2.048171107935471
2.0482444260546466
2.04839503885724
2.048453686329309
2.048293465794927
2.048734305464274
2.048758709720958
2.048604317497689
2.048604317497689
2.048604317497689
2.048604317497689
2.048974177650246
2.048723924155594
2.048264569808745
2.04874005738383
2.048501280983715
2.0487663090703454
2.0482781399634966
2.048487657073446
2.0487951994371185
2.048902580751819
2.0484082375858446
2.0491142096849515
2.048629516708537
2.0483340597114887
2.0484639074145097
2.049164282318094
2.0484187665643225
2.0486397335872124
2.0487287915337746
2.0484792452319165
2.048310182362879
2.0482501727152522
2.04851142850644
2.048410785418279
2.0484564733873354
2.048455554323099
2.0486730399867747
2.0483794593850915
2.048679870305845
2.0484030548078964
2.0486217721331537
2.048415001026659
2.0489254828103043
2.0487424571020743
2.0487817119285423
2.0484930004262782
2.04862190969687
2.0486118882311404
2.0491364148269318
2.0486760789031644
2.048822644511813
2.0481202820441413
2.0484261449208963
2.0490054835265883
2.048282867341355
2.048513079321429
2.048935247503235
2.0486544611745034
2.048536224860822
2.048815747495461
2.048313831123855
2.04733141779451
2.0515665873744413
2.0522787206135593
2.0653375665474205
2.062039916891734
2.0697577159893887
2.07442360008362
2.102899085441646
2.106728637021845
2.1176857708294476
2.1050928610834965
2.1050928610834965
2.1050928610834965
2.1050928610834965
2.1046276232114534
2.1046276232114534
2.1046276232114534
2.101870312788609
2.098973548185097
2.0890849190026044
2.0801301431282995
2.0687387516685587
2.07949550808197
2.068410975148171
2.069179437788609
2.064825437742324
2.0541273167129197
2.0430287037723938
2.03278602107034
2.0200356489851523
2.0209236650725693
2.025416876760103
2.024963910857667
2.0189234886370686
2.013938408236665
2.0121080470364117
2.0129058457941436
2.016894086344299
2.0222171622237046
2.0284749725376505
2.038995384219854
2.044675533336028
2.0497617267884554
2.0565653656244107
2.0616263480022416
2.0691525792417598
2.0747619047344354
2.0790232998925204
2.084471628479085
2.085793590820853
2.0880325095426393
2.0930186726360014
2.0932839255712863
2.0933406370367926
2.092426582355681
2.0970530016948654
2.101442325211072
2.1035758084010663
2.1076752232591085
2.1133762607334523
2.1178983879631423
2.1245263524913023
2.126179298651065
2.132446409585538
2.1350283585535013
2.139233000889489
2.140160559347083
2.13853113876338
2.137041371157782
2.131285225410119
2.128852008532192
2.124936994694032
2.1186203703593267
2.1037810400689025
2.0964791038494717
2.086108421196136
2.071741412046942
2.0561387707332432
2.040528370770112
2.0305890434789933
1.9927103127867822
1.97493105220326
1.9524741178730391
1.9359933431892018
1.9150609101003007
1.8985587346294956
1.8796757986679355
1.860891896578214
1.8410337928699347
1.8223438281314916
1.8042487600599248
1.7673230805785036
1.7477225228145474
1.7080103189512084
1.6917997798246096
1.6696622713367182
1.6494749534285744
1.6027650627712322
1.5833439520408294
1.5631932202951389
1.5447178364292766
1.527731316295946
1.509543585870959
1.493278589803145
1.4764088987323614
1.4632107187995511
1.4359913013856578
1.4232533858002956
1.411621134193089
1.4008842833307742
1.3907511260745482
1.3811414634945312
1.3710207887706207
1.3603734333510094
1.350312181353852
1.340097167116324
1.3313429622101882
1.3147047040031976
1.3076643608926404
1.2962636801137961
1.2922088043037985
1.2896359828752424
1.2870052640438105
1.2852803146895255
1.2825870866841969
1.2814376762562407
1.2813503978882215
1.2825456315491588
1.2844667721178393
1.2868250024075962
1.2945686638900686
1.3007517734620662
1.30713525379067
1.3159055455439082
1.3247026908918798
1.3316183547857068
1.3411592026748667
1.353967094008333
1.3649067906422634
1.3841848716668257
1.3955254490577678
1.4105745363592552
1.425138433972624
1.4488038106530017
1.4586262852024536
1.4639107476067021
1.482243953559681
1.4958590422098654
1.5122583878095925
1.5221735959819576
1.5538623170202372
1.5700415616106829
1.587926673066054
1.6020832776526355
1.6172250058050943
1.6377485043101911
1.6598830342943296
1.681140798160381
1.7053593385554096
1.743981496437824
1.7637150857069028
1.7901248072449032
1.8009436285335398
1.8505912304965335
1.856480733870182
1.8652119317584817
1.8890435640373804
1.9101736875177913
1.9257551617205864
1.9535879861601813
1.9582903416974737
1.9762075746673133
2.0277900946542813
2.0349936722092883
2.0439786167584266
2.054928232548055
2.0844673621497316
2.1007140233779045
2.117346973646262
2.139124490813968
2.1583851846806597
2.1765101641783153
2.2017519725750097
2.2230666413446065
2.252261569183975
2.2652867352578197
2.304023111513038
2.3064353329944685
2.316562085969826
2.318677430856053
2.343613543268242
2.359654627676038
2.376137552247409
2.3857547749778094
2.4178533462834584
2.421156958200936
2.473676065652534
2.4785283349928937
2.5231667922100733
2.5382910903370073
2.563971858882784
2.577696857171208
2.5945997347596483
2.6111173518958477
2.6173144712864715
2.6384565134751057
2.6529144274738576
2.6643107517294617
2.6610206956480225
2.6964667189857616
2.7024067052607177
2.7265002273570818
2.735653134743847
2.738069323880582
2.754053449223744
2.758805730372639
2.7803812441205937
2.7957541810884847
2.8150220956978536
2.816675028298218
2.818621409127211
2.8252820799700027
2.8246829492965024
2.835706322346489
2.8387300961660284
2.8393522148055186
2.8318764260835847
2.828163218264215
2.8349061826756423
2.8293066562345257
2.8240220981016844
2.805834802014742
2.799010066688386
2.786612181001505
2.7798344358327443
2.7690075480309715
2.751603413066747
2.745389861146925
2.72513748235295
2.7081460384636373
2.7031615064007006
2.692465377268665
2.6823104213240385
2.66974803569617
2.656141166185321
2.6418035179282087
2.6314433541216817
2.6188464652146246
2.604102855298312
2.5699593368113764
2.5510352079498144
2.5354369489083837
2.5156763054963434
2.4954886847537048
2.4797579700538157
2.460604945600489
2.4404638798946263
2.4260766781320666
2.3858918203552038
2.36570061842676
2.354087768612955
2.3330333844101663
2.3010684177007072
2.2895610698126005
2.2740688844561987
2.2603720330141357
2.2458705565680246
2.2306150432406757
2.2152881086947627
2.186224402376197
2.169681260549942
2.1539002230713287
2.1319752640014857
2.1151389173311244
2.0969990587886183
2.074649586586512
2.058813157988354
2.0252517879827314
2.014351951691469
2.0000589823335773
1.9895202389612134
1.980808418506143
1.970920695136257
1.9590886077772032
1.9502163481879462
1.9426445123511775
1.9389803074151772
1.9292130146825603
1.9217858002513533
1.917909260808679
1.9147456549955282
1.9095974181304989
1.9040242380495527
1.901199571473803
1.899828549017749
1.8935596688666825
1.8939348117696517
1.8894870129178658
1.883131171423744
1.8797419529377248
1.8779269663398819
1.8617532848327882
1.8591357105666522
1.8468773702902883
1.8476273192818415
1.8376389116622862
1.8341217823778972
1.8260667101317696
1.8221862086593539
1.8211778904044078
1.8240651418495644
1.8230124385910065
1.8183634677864682
1.8042627304745291
1.7964299122240557
1.7973037751306635
1.7952235662732323
1.7949753627374776
1.8001237871940226
1.7974394176279924
1.7977879885911052
1.7968067198708144
1.7975205773412577
1.7999213494381516
1.807041924813055
1.8209900135602277
1.831003738931182
1.8525963716828826
1.8547116910802477
1.8555353306698967
1.8612127784620407
1.8666664914833144
1.8707945716579062
1.8783722332757926
1.8834614984256532
1.888658163826886
1.902911874301955
1.909521678194413
1.913537803371485
1.9252963318803213
1.9368805454549425
1.9514371737034484
1.9561689942406189
1.9702545273439194
1.9786831314815112
1.989139469223205
1.9970909195439057
2.0075014143701857
2.015223854533302
2.0370506342424926
2.048163247862277
2.065643541578265
2.077624305124126
2.0888268859451706
2.103381327892313
2.1176909641835664
2.1342137952408176
2.1448367927095484
2.1755589929096084
2.196332748967841
2.209738804938417
2.2307636046053223
2.24153079339982
2.25902043321785
2.267710981306946
2.277012602482086
2.287069605728181
2.309137766517401
2.320874166822358
2.325667313470054
2.3381130996904895
2.3449046818124883
2.352292123570376
2.3670590014693933
2.3735530081749667
2.3843432874032984
2.3991629504419762
2.4086337190261182
2.419246295931117
2.4316985795422665
2.4510856006563437
2.4710848822154694
2.462286924251608
2.4744558963912295
2.4561021452183707
2.477520468921497
2.4783880692247227
2.471671754695406
2.472586350488187
2.4714382742518977
2.460635420060862
2.451834400999895
2.4394607607719085
2.435161150420566
2.419435907950663
2.4156507175139312
2.406434097316134
2.396481886658575
2.386613929832094
2.371637290519416
2.360776676695484
2.34497232167891
2.319385169940361
2.3056842553778383
2.293119496924695
2.2802599315992667
2.2603311663118677
2.2404318083826347
2.2242982403703064
2.1884605672132946
2.1701873638003515
2.1534978923140917
2.132272874037598
2.118635816332962
2.098897304266364
2.056316376617875
2.044597245813917
2.030272990092989
2.0137950373997833
1.9791638666430678
1.9632751980630425
1.9471158213819157
1.932037739155728
1.9131443590524437
1.8956744155852558
1.879079083559851
1.8574946787089037
1.8381246442124675
1.8022755043115488
1.7893072991896877
1.7758663290022987
1.7563267545750108
1.718687481873658
1.7032424816212726
1.6883660085790522
1.6757128942355985
1.6592399628294294
1.647039069450218
1.635260602073163
1.621221826515118
1.6093490946178548
1.5928558868967118
1.5822609150939706
1.5736364064225365
1.558140414557632
1.5457255411424398
1.515829184912452
1.4934633484348314
1.4766388275448115
1.4595329166522357
1.4198921223893541
1.4047180767051937
1.3871682628742728
1.369926211153898
1.3563047716567813
1.3466435105350185
1.337565815435623
1.326278230818555
1.3198243732681452
1.3058665829886535
1.2987563767300387
1.2918538840500795
1.287772093533951
1.2828695036667146
1.2828695036667146
1.2828695036667146
1.2828695036667146
1.2828695036667146
1.2828695036667146
1.2828695036667146
1.2828695036667146
1.2828695036667146
1.2828695036667146
1.2828695036667146
1.2828695036667146
1.2828695036667146
1.2828695036667146
1.2828695036667146
1.2828695036667146
1.2828695036667146
1.2828695036667146
1.2828695036667146
1.2828695036667146
1.2828695036667146
1.2828695036667146
1.2828695036667146
1.2828695036667146
1.2828695036667146
1.2828695036667146
1.2828695036667146
1.2828695036667146
1.2828695036667146
1.2828695036667146
1.2828695036667146
1.2828695036667146
1.2828695036667146
1.2828695036667146
1.2828695036667146
1.2828695036667146
1.2828695036667146
1.2828695036667146
1.2828695036667146
1.2828695036667146
1.2828695036667146
1.2828695036667146
1.2828695036667146
1.2828695036667146
1.2828695036667146
1.2828695036667146
1.2828695036667146
1.2828695036667146
1.2828695036667146
1.2828695036667146
1.2828695036667146
1.2828695036667146
1.2828695036667146
1.2828695036667146
1.2828695036667146
1.2828695036667146
1.2828695036667146
1.2828695036667146
1.2828695036667146
1.2828695036667146
1.2828695036667146
1.2828695036667146
1.2828695036667146
1.2828695036667146
1.2828695036667146
1.2828695036667146
1.2828695036667146
1.2828695036667146
1.2828695036667146
1.2828695036667146
1.2828695036667146
1.2828695036667146
1.2828695036667146
1.2828695036667146
1.2828695036667146
1.2828695036667146
1.2828695036667146
1.2828695036667146
1.2828695036667146
1.2828695036667146
1.2828695036667146
1.2828695036667146
1.2828695036667146
1.2828695036667146
1.2828695036667146
1.2828695036667146
1.2828695036667146
1.2828695036667146
1.2828695036667146
1.2828695036667146
1.2828695036667146
1.2828695036667146
1.2828695036667146
1.2828695036667146
1.2828695036667146
1.2828695036667146
1.2828695036667146
1.2828695036667146
1.2828695036667146
1.2828695036667146
1.2828695036667146
1.2828695036667146
1.2828695036667146
1.2828695036667146
1.2828695036667146
1.2828695036667146
1.2828695036667146
1.2828695036667146
1.2828695036667146
1.2828695036667146
1.2828695036667146
1.2828695036667146
1.2828695036667146
1.2828695036667146
1.2828695036667146
1.2828695036667146
1.2828695036667146
1.2828695036667146
1.2828695036667146
1.2828695036667146
1.2828695036667146
1.2828695036667146
1.2828695036667146
1.2828695036667146
1.2828695036667146
1.2828695036667146
1.2828695036667146
1.2828695036667146
1.2828695036667146
1.2828695036667146
1.2828695036667146
1.2828695036667146
1.2828695036667146
1.2828695036667146
1.2828695036667146
1.2828695036667146
1.2828695036667146
1.2828695036667146
1.2828695036667146
1.2828695036667146
1.2828695036667146
1.2828695036667146
1.2828695036667146
1.2828695036667146
1.2828695036667146
1.2828695036667146
1.2828695036667146
1.2828695036667146
1.2828695036667146
1.2828695036667146
1.2828695036667146
1.2828695036667146
1.2828695036667146
1.2828695036667146
