0.521553467881118
0.4663301595172349
0.5092816215780329
0.5092816215780329
0.5276893910326605
0.619728238305799
0.5092816215780329
0.5706408530934585
0.5951845456996288
0.5399612373357456
0.6013204688511713
0.6135923151542565
0.5706408530934585
0.5399612373357456
0.5276893910326605
0.5706408530934585
0.5583690067903734
0.5645049299419159
0.5645049299419159
0.5154175447295755
0.5951845456996288
0.5338253141842031
0.5767767762450011
0.5583690067903734
0.521553467881118
0.5767767762450011
0.5829126993965437
0.5829126993965437
0.5338253141842031
0.5460971604872883
0.5522330836388308
0.5460971604872883
0.521553467881118
0.5154175447295755
0.5460971604872883
0.619728238305799
0.5460971604872883
0.619728238305799
0.5890486225480862
0.5829126993965437
0.5645049299419159
0.5829126993965437
0.6258641614573416
0.5460971604872883
0.5829126993965437
0.4356505437595221
0.5706408530934585
0.6013204688511713
0.662679700366597
0.5951845456996288
0.619728238305799
0.6013204688511713
0.5951845456996288
0.6442719309119693
0.6442719309119693
0.6381360077604268
0.6320000846088841
0.6810874698212247
0.6933593161243098
0.6933593161243098
0.5829126993965437
0.5951845456996288
0.521553467881118
0.607456392002714
0.6565437772150544
0.5154175447295755
0.521553467881118
0.5767767762450011
0.6135923151542565
0.6013204688511713
0.5276893910326605
0.5399612373357456
0.4724660826687775
0.5522330836388308
0.48473792897186263
0.4479223900626072
0.4295146206079795
0.4172427743048944
0.4356505437595221
0.30679615757712825
0.4111068511533518
0.3620194659410113
0.34974761963792617
0.3436116964863836
0.3865631585471816
0.5154175447295755
0.3190680038802134
0.4724660826687775
0.39269908169872414
0.30679615757712825
0.35588354278946877
0.4356505437595221
0.5154175447295755
0.5829126993965437
0.6688156235181395
0.6872233929727672
0.6442719309119693
0.5645049299419159
0.5276893910326605
0.4479223900626072
0.36815538909255385
0.23316507975861744
0.3129320807286708
0.5460971604872883
0.7301748550335652
0.6810874698212247
0.35588354278946877
0.01227184630308513
0.02454369260617026
0.28225246497095796
0.6442719309119693
0.8099418560036186
1.0185632431560658
1.0615147052168636
0.9326603190344698
0.8222137023067037
0.8774370106705868
1.0737865515199487
1.184233168247715
1.1351457830353744
1.0983302441261191
1.1535535524900022
1.3314953238847365
1.7426021750380885
1.7916895602504288
1.9757672547967058
2.1230294104337273
1.9819031779482483
1.8162332528565992
1.8039614065535141
1.8223691760081417
1.7548740213411735
1.5892040962495242
1.4664856332186729
1.3008157081270237
1.1965050145508
1.0369710126106935
0.944932165337555
0.8160777791551611
0.6933593161243098
0.760854470791278
0.662679700366597
0.5829126993965437
0.4663301595172349
0.6013204688511713
0.4970097752749477
0.4049709280018093
0.5092816215780329
0.4172427743048944
0.4111068511533518
0.5154175447295755
0.5154175447295755
0.46019423636569234
0.4479223900626072
0.44178646691106466
0.5276893910326605
0.6994952392758523
0.8406214717613314
0.9878836273983529
1.227184630308513
1.325359400733194
1.423534171157875
1.4664856332186729
1.4358060174609601
1.4603497100671303
1.4173982480063325
1.2885438618239387
1.1903690913992575
1.0983302441261191
1.0246991663076084
0.9633399347921826
0.9203884727313847
0.8160777791551611
0.8467573949128739
0.7240389318820226
0.619728238305799
0.36815538909255385
6.277049384028044
6.068427996875596
6.007068765360171
5.773903685601553
5.66959299202533
5.706408530934585
5.798447378207723
0.12885438618239387
0.8958447801252144
1.4664856332186729
2.1475731030398975
2.816388726558037
3.466796580621549
4.166291819897402
4.970097752749477
6.074563920027139
0.5460971604872883
0.9756117810952678
1.2578642460662257
1.552388557340269
1.9266798695843652
2.3439226438892597
2.7120780329818137
3.031146036862027
3.2827188860752723
3.5158839658338894
3.749049045592507
3.9085830475326135
3.9085830475326135
3.902447124381071
3.7981364308048478
3.663146121470911
3.54042765844006
3.3747577333484107
3.1661363461959633
2.9268353432858034
2.662990647769473
2.36846633649543
2.000310947402876
1.6751070203711202
1.3130875544301088
1.0246991663076084
0.760854470791278
0.5276893910326605
0.30679615757712825
0.09203884727313846
6.080699843178682
5.835262917116979
5.66959299202533
5.540738605842936
5.424156065963627
5.301437602932776
5.074408446325701
4.773748211900116
4.473087977474529
4.196971435655114
3.9453985864418692
3.7122335066832517
3.4913402732277192
3.2765829629237295
3.104777114680538
2.9820586516496865
2.9206994201342606
2.9084275738311756
3.018874190558942
3.11091303783208
3.2888548092268146
3.522019888985432
3.767456815047135
4.104932588381976
4.595806440505381
5.019185137961818
5.565282298449106
6.086835766330224
0.44178646691106466
1.1228739367322893
2.061670178918302
3.227495577711389
4.448544284868359
5.681864838328415
0.4540583132141498
1.3744467859455345
2.429825568010856
3.485204350076177
4.632621979414636
5.780039608753096
0.5522330836388308
1.5401167110371838
2.675262494072558
3.773592738198677
5.0253210611133605
0.11658253987930872
1.3192234775816514
2.5832236467994196
3.9760782021995817
5.485515297479052
0.6749515466696822
2.000310947402876
3.2949907323783574
4.509903516383785
5.7616318392984684
0.5767767762450011
1.5033011721279284
2.227340104009951
2.9145634969827183
3.5465635815916023
4.111068511533518
4.657165672020807
5.283029833478148
5.902758071783947
0.2270291566070749
0.7731263170943632
1.2333205534600555
1.6935147898257479
2.098485717827557
2.466641106920111
2.724349879284899
3.000466421104314
3.2213596545598464
3.3502140407422405
3.4606606574700063
3.522019888985432
3.522019888985432
3.479068426924634
3.3870295796514958
3.2827188860752723
3.117048960983623
2.9022916506796332
2.6384469551633027
2.3009711818284617
1.8837284075235674
1.423534171157875
0.9387962421860124
0.4172427743048944
6.056156150572511
5.393476450205914
4.706253057233147
4.061981126321178
3.399301425954581
2.650718801466388
1.9266798695843652
1.227184630308513
0.4540583132141498
5.988660995905543
5.2768939103266055
4.681709364626977
4.086524818927348
3.4606606574700063
2.6568547246179306
1.6996507129772904
0.39269908169872414
5.21553467881118
3.767456815047135
2.3439226438892597
0.8835729338221293
5.583690067903734
4.166291819897402
2.9391071895888885
1.7426021750380885
0.6258641614573416
5.780039608753096
4.663301595172349
3.761320891895592
3.031146036862027
2.3009711818284617
1.607611865704152
0.7669903939428205
5.884350302329319
4.626486056263094
3.56497135104623
2.662990647769473
1.859184714917397
0.9387962421860124
6.22182607566416
4.878058905476339
3.2336315008629315
1.9880391010997909
1.0983302441261191
0.37429131224409645
5.9088939949354895
5.056000676871073
4.1601558967458585
3.117048960983623
1.9757672547967058
0.9756117810952678
0.030679615757712823
5.387340527054372
4.534447208989955
3.718369429834794
2.718213956133356
1.576932249946439
0.3129320807286708
5.154175447295755
3.9760782021995817
2.834796496012665
1.662835174068035
0.607456392002714
6.178874613603362
5.086680292628786
4.3074180523828804
3.485204350076177
2.6691265709210157
1.7916895602504288
0.9940195505498954
0.3313398501832985
5.890486225480862
5.184855063053467
4.608078286808466
4.025165587411922
3.448388811166921
2.804116880254952
2.012582793705961
1.282407938672396
0.5645049299419159
6.166602767300278
5.632777453116074
4.9823695990525625
4.473087977474529
4.166291819897402
4.025165587411922
3.822680123411018
3.761320891895592
3.8533597391687304
3.865631585471816
4.06811704947272
4.338097668140593
4.700117134081604
5.160311370447297
5.688000761479957
0.03681553890925539
0.39269908169872414
0.944932165337555
1.3867186322486196
1.8162332528565992
2.2518837966161214
2.724349879284899
3.098641191528995
3.5588354278946874
4.061981126321178
4.638757902566179
5.295301679781233
6.160466844148735
0.7485826244881929
1.5707963267948966
2.411417798556228
3.2459033471660166
4.049709280018092
4.847379289718626
5.6941366846315
0.3129320807286708
1.3314953238847365
2.4911847995262812
3.8288160465625602
5.197126909356553
0.12885438618239387
1.1044661672776617
2.12916533358527
3.3318062712876126
4.344233591292136
5.3627968344482015
6.215690152512618
0.607456392002714
1.214912784005428
1.9634954084936207
2.773437264497239
3.6815538909255388
4.841243366567084
6.160466844148735
1.1290098598838318
2.0923497946760143
2.8838838812250054
3.6079228131070282
4.276738436625168
5.049864753719531
5.822991070813893
0.2945243112740431
0.9510680884890975
1.552388557340269
2.12916533358527
2.6261751088602177
3.074097498922825
3.4606606574700063
3.80427235395639
4.129476280988146
4.424000592262189
4.7307967498393175
4.963961829597935
5.197126909356553
5.45483568172134
5.632777453116074
5.841398840268521
6.031612457966341
0.030679615757712823
0.25770877236478773
0.5890486225480862
0.9878836273983529
1.3928545554001621
1.9205439464328227
2.454369260617026
3.055689729468197
3.6386024288647407
4.154019973594316
4.638757902566179
5.062136600022616
5.485515297479052
5.976389149602458
0.2699806186678728
0.803805932852076
1.184233168247715
1.6198837120072371
2.0064468705544187
2.313243028131547
2.5402721847386216
2.6691265709210157
2.748893571891069
2.804116880254952
2.767301341345697
2.6875343403756435
2.521864415283994
2.2948352586769194
1.9573594853420782
1.521708941582556
1.1228739367322893
0.7363107781851077
0.28838838812250056
6.191146459906448
5.816855147662351
5.516194913236766
5.197126909356553
4.945554060143307
4.577398671050753
4.270602513473625
3.8840393549264434
3.472932503773092
3.0495538063166547
2.6139032625571326
2.1353012567368124
1.6382914814618648
1.1290098598838318
0.5460971604872883
6.12365130523948
5.47937937432751
4.76147636559703
4.104932588381976
3.466796580621549
2.773437264497239
2.067806102069844
1.3928545554001621
0.7792622402459057
0.1718058482431918
5.7616318392984684
4.963961829597935
4.080388895775806
3.2213596545598464
2.1966604882522383
1.184233168247715
0.28225246497095796
5.675728915176872
4.7307967498393175
3.988350048502667
3.129320807286708
2.466641106920111
1.7119225592803755
1.141281706186917
0.6381360077604268
0.18407769454627693
6.000932842208628
5.50392306693368
5.019185137961818
4.509903516383785
4.025165587411922
3.485204350076177
2.9268353432858034
2.337786720737717
1.6566992509164924
0.9203884727313847
0.25157284921324513
5.939573610693203
5.252350217720435
4.706253057233147
4.344233591292136
4.074252972624263
3.9208548938356986
3.902447124381071
3.9944859716542096
4.252194744018997
4.534447208989955
5.0253210611133605
5.485515297479052
5.884350302329319
0.06135923151542565
0.521553467881118
0.9510680884890975
1.4603497100671303
2.0064468705544187
2.5402721847386216
3.2888548092268146
4.031301510563465
4.8351074434155406
5.5100589900852235
6.191146459906448
0.7179030087304801
1.552388557340269
2.6323110320117604
3.6815538909255388
4.749204519293945
5.872078456026235
0.8958447801252144
2.1905245651006955
3.6201946594101133
4.693981210930062
5.700272607783043
0.28838838812250056
1.0983302441261191
1.945087639038993
2.8409324191642074
3.933126740138784
5.062136600022616
6.178874613603362
0.7731263170943632
1.6321555583103222
2.423689644859313
3.1968159619536762
4.09266074207889
5.135767677841127
0.006135923151542565
1.1106020904292042
2.2764274892222915
3.1661363461959633
4.0558452031696355
4.871922982324796
5.773903685601553
0.32520392703175593
1.043106935762236
1.8346410223112268
2.6016314162540475
3.356349963893783
4.1172044346850605
4.921010367537137
5.688000761479957
0.18407769454627693
0.9019807032767571
1.8162332528565992
2.945243112740431
4.1601558967458585
5.411884219660542
0.07976700097005335
0.7976700097005334
1.3928545554001621
1.9880391010997909
2.7120780329818137
3.454524734318464
4.074252972624263
4.681709364626977
5.252350217720435
5.773903685601553
6.1850105367549055
0.21475731030398976
0.4540583132141498
0.6381360077604268
0.7669903939428205
0.8160777791551611
0.8713010875190442
0.8897088569736719
0.8774370106705868
1.012427320004523
1.1474176293384597
0.9940195505498954
0.5460971604872883
0.030679615757712823
5.546874528994478
4.828971520263998
4.1172044346850605
3.399301425954581
2.7979809571034093
2.2948352586769194
1.7732817907958012
1.282407938672396
0.9878836273983529
0.619728238305799
0.2270291566070749
6.135923151542564
5.841398840268521
5.559146375297564
5.209398755659637
4.890330751779424
4.454680208019902
4.23378697456437
4.006757817957295
3.9760782021995817
3.877903431774901
3.9269908169872414
3.865631585471816
3.902447124381071
3.9147189706841563
4.000621894805752
3.988350048502667
4.037437433715008
3.988350048502667
3.9822141253511245
3.9269908169872414
3.8288160465625602
3.663146121470911
3.5342917352885173
3.4913402732277192
3.454524734318464
3.448388811166921
3.436116964863836
3.4177091954092087
3.4606606574700063
3.4054373491061236
3.485204350076177
3.2949907323783574
2.945243112740431
2.5402721847386216
2.1659808724945253
2.055534255766759
2.1353012567368124
1.9573594853420782
2.030990563160589
1.9634954084936207
2.0923497946760143
2.2764274892222915
2.2089323345553233
2.1475731030398975
1.9266798695843652
2.1537090261914402
2.3746022596469727
2.423689644859313
2.466641106920111
2.60776733940559
2.804116880254952
2.6445828783148455
2.337786720737717
2.067806102069844
1.8530487917658545
2.36846633649543
2.804116880254952
2.773437264497239
2.6445828783148455
2.509592568980909
2.435961491162398
2.423689644859313
2.448233337465483
2.3439226438892597
2.110757564130642
2.073942025221387
2.4911847995262812
2.411417798556228
2.435961491162398
2.3746022596469727
2.36846633649543
2.3623304133438876
2.3623304133438876
2.36846633649543
2.313243028131547
2.2027964114037806
2.1782527187976104
2.1353012567368124
2.1966604882522383
2.2334760271614935
2.270291566070749
2.184388641949153
2.172116795646068
2.1353012567368124
2.0800779483729293
2.1537090261914402
2.12916533358527
2.1230294104337273
2.1537090261914402
2.12916533358527
2.1782527187976104
2.2027964114037806
2.1905245651006955
2.1782527187976104
2.2212041808584084
2.2641556429192065
2.2948352586769194
2.270291566070749
2.350058567040802
2.227340104009951
2.2948352586769194
2.2518837966161214
2.1966604882522383
2.2334760271614935
2.2396119503130363
2.2580197197676637
2.2027964114037806
2.2150682577068657
2.1537090261914402
2.1905245651006955
2.227340104009951
2.1905245651006955
2.2089323345553233
2.1905245651006955
2.2641556429192065
2.227340104009951
2.2027964114037806
2.1966604882522383
2.1659808724945253
2.1782527187976104
2.184388641949153
2.184388641949153
2.1353012567368124
2.12916533358527
2.1782527187976104
2.1598449493429825
2.1537090261914402
2.12916533358527
2.1966604882522383
2.1598449493429825
2.1782527187976104
2.098485717827557
2.1598449493429825
