0.521553467881118
0.4663301595172349
0.5092816215780329
0.5092816215780329
0.5276893910326605
0.6197282383057989
0.5092816215780328
0.5706408530934584
0.5951845456996286
0.5399612373357456
0.6013204688511713
0.6135923151542564
0.5706408530934582
0.5399612373357453
0.5276893910326601
0.5706408530934581
0.5583690067903732
0.5645049299419157
0.5645049299419157
0.5154175447295753
0.5951845456996288
0.5338253141842031
0.5767767762450011
0.5583690067903733
0.5215534678811179
0.5767767762450011
0.5829126993965437
0.5829126993965437
0.5338253141842031
0.5460971604872882
0.5522330836388308
0.5460971604872883
0.5215534678811179
0.5154175447295752
0.546097160487288
0.6197282383057986
0.5460971604872878
0.6197282383057986
0.5890486225480859
0.5829126993965434
0.5645049299419158
0.5829126993965436
0.6258641614573415
0.5460971604872881
0.5829126993965433
0.4356505437595217
0.5706408530934581
0.601320468851171
0.6626797003665967
0.5951845456996285
0.6197282383057989
0.6013204688511712
0.5951845456996285
0.6442719309119691
0.6442719309119691
0.6381360077604266
0.632000084608884
0.6810874698212247
0.6933593161243098
0.6933593161243098
0.5829126993965438
0.5951845456996288
0.521553467881118
0.6074563920027141
0.6565437772150545
0.5154175447295757
0.5215534678811182
0.5767767762450013
0.6135923151542568
0.6013204688511716
0.5276893910326608
0.5399612373357459
0.47246608266877765
0.5522330836388312
0.48473792897186285
0.44792239006260737
0.4295146206079797
0.41724277430489465
0.4356505437595223
0.30679615757712836
0.41110685115335194
0.36201946594101136
0.3497476196379262
0.34361169648638373
0.38656315854718176
0.5154175447295757
0.3190680038802136
0.47246608266877765
0.3926990816987243
0.3067961575771284
0.35588354278946893
0.4356505437595223
0.5154175447295757
0.5829126993965439
0.6688156235181397
0.6872233929727674
0.6442719309119694
0.564504929941916
0.5276893910326607
0.44792239006260726
0.3681553890925539
0.23316507975861744
0.31293208072867074
0.5460971604872882
0.730174855033565
0.6810874698212246
0.35588354278946854
0.012271846303084921
0.02454369260617005
0.2822524649709578
0.6442719309119691
0.8099418560036182
1.0185632431560654
1.061514705216863
0.9326603190344691
0.8222137023067031
0.8774370106705861
1.073786551519948
1.1842331682477145
1.1351457830353742
1.0983302441261187
1.1535535524900018
1.3314953238847358
1.7426021750380876
1.791689560250428
1.9757672547967051
2.123029410433727
1.9819031779482477
1.8162332528565985
1.8039614065535137
1.822369176008141
1.754874021341173
1.5892040962495237
1.4664856332186724
1.3008157081270235
1.1965050145507998
1.036971012610693
0.9449321653375546
0.8160777791551607
0.6933593161243093
0.7608544707912775
0.6626797003665966
0.5829126993965432
0.46633015951723444
0.6013204688511709
0.4970097752749474
0.4049709280018089
0.5092816215780325
0.417242774304894
0.41110685115335144
0.515417544729575
0.515417544729575
0.4601942363656919
0.4479223900626068
0.4417864669110643
0.5276893910326601
0.6994952392758518
0.8406214717613308
0.9878836273983524
1.2271846303085123
1.3253594007331932
1.4235341711578746
1.4664856332186722
1.4358060174609595
1.4603497100671294
1.4173982480063314
1.2885438618239375
1.1903690913992562
1.0983302441261178
1.0246991663076068
0.9633399347921812
0.9203884727313832
0.8160777791551597
0.8467573949128725
0.7240389318820213
0.6197282383057978
0.36815538909255263
-0.00613592315154321
-0.21475731030399103
-0.27611654181941603
-0.509281621578034
-0.613592315154257
-0.5767767762450022
-0.48473792897186385
0.1288543861823932
0.8958447801252138
1.4664856332186722
2.147573103039897
2.816388726558037
3.466796580621549
4.166291819897401
4.970097752749475
6.0745639200271375
6.829282467666872
7.258797088274853
7.541049553245811
7.835573864519854
8.20986517676395
8.627107951068844
8.995263340161399
9.314331344041612
9.565904193254859
9.799069273013476
10.032234352772093
10.191768354712199
10.191768354712199
10.185632431560656
10.081321737984432
9.946331428650495
9.823612965619644
9.657943040527993
9.449321653375545
9.210020650465385
8.946175954949053
8.651651643675011
8.283496254582456
7.9582923275507005
7.596272861609689
7.307884473487189
7.044039777970858
6.81087469821224
6.589981464756708
6.3752241544527175
6.080699843178673
5.835262917116971
5.669592992025321
5.540738605842928
5.4241560659636185
5.301437602932767
5.074408446325691
4.773748211900107
4.473087977474521
4.196971435655106
3.945398586441862
3.712233506683245
3.491340273227713
3.2765829629237238
3.104777114680532
2.9820586516496808
2.9206994201342544
2.908427573831169
3.0188741905589347
3.110913037832073
3.2888548092268075
3.5220198889854255
3.7674568150471286
4.10493258838197
4.595806440505376
5.019185137961813
5.5652822984491
6.086835766330217
6.724971774090644
7.406059243911868
8.344855486097881
9.510680884890968
10.73172959204794
11.965050145507995
13.020428927573317
13.940817400304702
14.996196182370022
16.051574964435343
17.198992593773802
18.34641022311226
19.401789005177584
20.389672632575934
21.52481841561131
22.623148659737428
23.87487698265211
25.249323768597648
26.45196470629999
27.715964875517756
29.10881943091792
30.618256526197392
32.090878082567606
33.4162374833008
34.71091726827628
35.92583005228171
37.17755837519639
38.27588861932251
39.20241301520544
39.926451947087465
40.613675340060226
41.24567542466911
41.81018035461102
42.35627751509831
42.98214167655565
43.60186991486145
44.20932630686416
44.755423467351456
45.21561770371714
45.67581194008284
46.08078286808465
46.448938257177204
46.706647029542
46.98276357136141
47.203656804816944
47.332511190999334
47.442957807727105
47.50431703924253
47.50431703924253
47.46136557718173
47.36932672990859
47.26501603633237
47.09934611124072
46.88458880093673
46.6207441054204
46.283268332085555
45.86602555778067
45.40583132141497
44.92109339244311
44.39953992456199
43.75526799365002
43.09258829328343
42.40536490031066
41.76109296939869
41.09841326903209
40.3498306445439
39.62579171266187
38.926296473386024
38.15317015629166
37.404587531803465
36.69282044622453
36.0976359005249
35.502451354825276
34.87658719336794
34.07278126051586
33.11557724887522
31.80862561759665
30.34827590752952
28.90019804376547
27.476663872607595
26.016314162540464
24.433245989442483
23.01584774143615
21.788663111127637
20.592158096576835
19.475420082996088
18.346410223112258
17.22967220953151
16.327691506254755
15.59751665122119
14.867341796187624
14.173982480063312
13.333361008301981
12.167535609508896
10.90967136344267
9.848156658225806
8.946175954949048
8.142370022096973
7.221981549365587
6.221826075664151
4.878058905476329
3.2336315008629217
1.9880391010997807
1.098330244126109
0.3742913122440863
-0.3742913122441074
-1.2271846303085239
-2.1230294104337384
-3.166136346195974
-4.307418052382891
-5.3075735260843295
-6.252505691421884
-7.179030087304811
-8.031923405369227
-8.848001184524389
-9.848156658225827
-10.989438364412743
-12.253438533630513
-13.695380474243017
-14.87347771933919
-16.01475942552611
-17.186720747470737
-18.24209952953606
-18.953866615114997
-20.046060936089575
-20.82532317633548
-21.647536878642185
-22.463614657797347
-23.341051668467934
-24.138721678168466
-24.801401378535065
-25.52544031041709
-26.231071472844484
-26.80784824908949
-27.390760948486033
-27.967537724731034
-28.611809655643004
-29.403343742191996
-30.13351859722556
-30.85142160595604
-31.532509075777266
-32.06633438996147
-32.716742244024985
-33.22602386560302
-33.53282002318014
-33.67394625566562
-33.87643171966652
-33.937790951181945
-33.84575210390881
-33.83348025760572
-33.63099479360482
-33.36101417493695
-32.99899470899594
-32.53880047263024
-32.01111108159758
-31.3791109969887
-31.023227454199233
-30.4709943705604
-30.029207903649336
-29.599693283041358
-29.164042739281836
-28.69157665661306
-28.317285344368962
-27.857091108003267
-27.353945409576777
-26.777168633331776
-26.120624856116724
-25.25545969174922
-24.384158604230176
-23.561944901923475
-22.721323430162144
-21.886837881552356
-21.08303194870028
-20.28536193899975
-19.438604544086875
-18.536623840810115
-17.51806059765405
-16.358371122012507
-15.020739874976229
-13.652429012182237
-12.437516228176811
-11.461904447081542
-10.437205280773934
-9.234564343071591
-8.222137023067068
-7.203573779911003
-6.350680461846586
-5.675728915176904
-5.0682725231741905
-4.319689898685998
-3.5097480426823795
-2.60163141625408
-1.441941940612535
-0.12271846303088285
1.1290098598837996
2.0923497946759824
2.883883881224973
3.607922813106996
4.276738436625135
5.049864753719499
5.8229910708138615
6.577709618453597
7.234253395668651
7.835573864519824
8.412350640764824
8.909360416039771
9.35728280610238
9.74384596464956
10.087457661135945
10.4126615881677
10.707185899441743
11.013982057018872
11.247147136777489
11.480312216536106
11.738020988900896
11.91596276029563
12.124584147448079
12.3147977651459
12.597050230116858
12.824079386723934
13.155419236907232
13.5542542417575
13.959225169759307
14.486914560791966
15.020739874976169
15.622060343827338
16.20497304322388
16.720390587953457
17.20512851692532
17.628507214381756
18.051885911838195
18.542759763961598
19.1195365402066
19.653361854390802
20.033789089786442
20.469439633545964
20.856002792093147
21.162798949670275
21.38982810627735
21.518682492459742
21.598449493429797
21.65367280179368
21.616857262884423
21.53709026191437
21.371420336822716
21.144391180215642
20.8069154068808
20.37126486312128
19.972429858271013
19.58586669972383
19.137944309661222
18.757517074265586
18.38322576202149
18.082565527595904
17.76349752371569
17.511924674502442
17.14376928540989
16.836973127832763
16.45040996928558
16.039303118132228
15.615924420675793
15.18027387691627
14.701671871095952
14.204662095821003
13.69538047424297
13.112467774846428
12.406836612419031
11.762564681507062
11.04466167277658
10.388117895561527
9.7499818878011
9.05662257167679
8.350991409249396
7.676039862579715
7.0624475474254576
6.454991155422744
5.761631839298435
4.963961829597901
4.080388895775773
3.221359654559813
2.196660488252205
1.1842331682476814
0.2822524649709244
-0.6074563920027476
-1.5523885573403025
-2.294835258676953
-3.153864499892912
-3.816544200259509
-4.571262747899245
-5.141903600992703
-5.645049299419193
-6.099107612633343
-6.565437772150578
-7.062447547425526
-7.547185476397388
-8.056467097975421
-8.541205026947285
-9.08116626428303
-9.639535271073404
-10.22858389362149
-10.909671363442715
-11.645982141627822
-12.314797765145961
-12.909982310845589
-13.597205703818357
-14.143302864305644
-14.505322330246656
-14.775302948914529
-14.928701027703093
-14.947108797157721
-14.855069949884582
-14.597361177519794
-14.315108712548835
-13.824234860425431
-13.36404062405974
-12.965205619209474
-12.505011382843783
-12.04481714647809
-11.61530252587011
-11.106020904292077
-10.559923743804788
-10.026098429620584
-9.277515805132392
-8.535069103795742
-7.7312631709436666
-7.056311624273984
-6.375224154452759
-5.565282298449141
-4.730796749839352
-3.650874275167861
-2.6016314162540826
-1.533980787885676
-0.4111068511533862
0.8958447801251799
2.190524565100661
3.6201946594100787
4.693981210930026
5.700272607783006
6.5715736953020505
7.381515551305669
8.228272946218542
9.124117726343757
10.216312047318333
11.345321907202164
12.46205992078291
13.339496931453496
14.198526172669455
14.990060259218447
15.763186576312812
16.659031356438028
17.702138292200264
18.855691844690266
19.960158011967927
21.125983410761016
22.015692267734686
22.90540112470836
23.72147890386352
24.623459607140276
25.457945155750064
26.175848164480545
26.967382251029537
27.734372644972357
28.489091192612094
29.249945663403373
30.05375159625545
30.82074199019827
31.600004230444178
32.31790723917466
33.2321597887545
34.36116964863833
35.57608243264376
36.827810755558446
37.77887884404754
38.49678185277802
39.09196639847765
39.68715094417728
40.411189876059304
41.15363657739595
41.773364815701754
42.380821207704464
42.95146206079792
43.47301552867904
43.88412237983239
44.197054460561056
44.436355463471216
44.6204331580175
44.74928754419989
44.798374929412226
44.85359823777611
44.87200600723074
44.85973416092766
44.99472447026159
45.12971477959553
44.97631670080696
44.52839431074435
44.01297676601478
43.24598637207196
42.52808336334148
41.816316277762546
41.098413269032065
40.497092800180894
39.9939471017544
39.47239363387328
38.98151978174988
38.686995470475836
38.31884008138328
37.926140999684556
37.55184968744046
37.25732537616641
36.975072911195454
36.62532529155752
36.30625728767731
35.87060674391779
35.649713510462256
35.42268435385518
35.39200473809747
35.29382996767279
35.34291735288513
35.281558121369706
35.31837366027896
35.330645506582044
35.41654843070364
35.404276584400556
35.453363969612894
35.404276584400556
35.398140661249016
35.34291735288513
35.24474258246045
35.0790726573688
34.95021827118641
34.90726680912561
34.87045127021635
34.86431534706481
34.852043500761724
34.8336357313071
34.8765871933679
34.82136388500401
34.90113088597406
34.71091726827625
34.36116964863832
33.95619872063651
33.58190740839241
33.47146079166465
33.5512277926347
33.37328602123997
33.446917099058474
33.37942194439151
33.5082763305739
33.69235402512018
33.62485887045321
33.563499638937785
33.34260640548225
33.56963556208933
33.79052879554486
33.839616180757204
33.882567642817996
34.02369387530348
34.22004341615284
34.06050941421273
33.753713256635606
33.483732637967734
33.268975327663746
33.78439287239332
34.22004341615284
34.18936380039513
34.06050941421273
33.925519104878795
33.85188802706028
33.839616180757204
33.86415987336337
33.759849179787146
33.52668410002853
33.48986856111927
33.90711133542417
33.82734433445412
33.85188802706028
33.79052879554486
33.78439287239332
33.77825694924178
33.77825694924178
33.78439287239332
33.729169564029434
33.61872294730167
33.5941792546955
33.5512277926347
33.61258702415013
33.64940256305938
33.686218101968635
33.600315177847044
33.58804333154396
33.5512277926347
33.49600448427082
33.56963556208933
33.54509186948316
33.53895594633162
33.56963556208933
33.54509186948316
33.5941792546955
33.61872294730167
33.606451100998584
33.5941792546955
33.637130716756296
33.680082178817095
33.71076179457481
33.686218101968635
33.76598510293869
33.64326663990784
33.71076179457481
33.66781033251401
33.61258702415012
33.64940256305938
33.65553848621092
33.673946255665555
33.61872294730167
33.630994793604756
33.56963556208933
33.606451100998584
33.64326663990784
33.606451100998584
33.62485887045321
33.606451100998584
33.680082178817095
33.64326663990784
33.61872294730167
33.61258702415013
33.58190740839241
33.5941792546955
33.600315177847044
33.600315177847044
33.5512277926347
33.54509186948316
33.5941792546955
33.57577148524087
33.56963556208933
33.54509186948316
33.61258702415012
33.575771485240864
33.59417925469549
33.51441225372544
33.575771485240864
