1.749610431668011
1.7512111233680347
1.7518899427009822
1.7520239101476038
1.7502367257200704
1.751451849476598
1.7511391548331372
1.7520516290826313
1.7533311613650457
1.7544128979102709
1.7536897596215903
1.7545549687239064
1.7538326362432572
1.7543113693039087
1.7556043621637156
1.7549531340773794
1.7545349475086816
1.7557803646449643
1.7561375302271998
1.755128210430795
1.75617647043805
1.7554683282629309
1.7544450259077176
1.7560998810138575
1.7538999103012332
1.7548339877618422
1.7551266239364256
1.754891717506612
1.755243666588916
1.755985372135571
1.7565975458657024
1.755829538088336
1.7552772509325434
1.7568254373014416
1.755817920262457
1.7561494824580592
1.755999536542861
1.7545199019532904
1.7548537533095414
1.754948651416981
1.7555787141732766
1.7561224017744814
1.75467759523633
1.7561939678057454
1.7549801306521498
1.7546981714236105
1.7557239998419611
1.7544103862953642
1.7550001714402703
1.7548855078656158
1.7550477930497106
1.7544803764691628
1.7557142099217342
1.7548059284453097
1.7554523228462189
1.7550185693487206
1.7552298553800845
1.7551238640701494
1.7547333262443414
1.7561060222520908
1.7541227665283374
1.7554235010390062
1.7556878251999608
1.7542875400177735
1.7545502802593476
1.7551265998255061
1.7553810115492132
1.7560756751585853
1.7548988089612836
1.7560607682043519
1.7555695212883473
1.7551927388918094
1.7544890700678413
1.7549151778938408
1.7555237631990581
1.7556531736575163
1.7560787556744248
1.7558485628735543
1.7552988852206537
1.7545565397970455
1.7561476084002572
1.7550026075806242
1.7554884922929828
1.755784655888555
1.7552106862717272
1.7555280711432681
1.7559539818896148
1.7548609831898911
1.7544158648403894
1.7540142552137201
1.7552773422211825
1.7546151464496667
1.7546305114821106
1.7541039558477112
1.75461570335022
1.7545684918723814
1.754380420919932
1.7547518330069773
1.754460157965156
1.7546359756136753
1.7550790686525581
1.7556004659635813
1.7548759163904655
1.7537505743521236
1.7534914829970243
1.7546829581883399
1.7535019670466496
1.7554079295615925
1.7547028604971158
1.7557103441053015
1.7537888345666435
1.7542556105451006
1.7551829169965945
1.7554114614876857
1.7548937506949207
1.754754689569724
1.7553102554290263
1.7532154126256518
1.754192604244505
1.7530209454226833
1.7535316221804005
1.754032853878078
1.7550108178038066
1.7542027750336076
1.753667375530149
1.754041277510519
1.7536907599993254
1.7548003926372215
1.7550302045493331
1.7549830154273065
1.7539850513866533
1.7548470443879671
1.7535107012818585
1.7542741081683515
1.7539960975658986
1.754290962146917
1.7537647986302958
1.7534104329569973
1.7543507408308932
1.7548290016955328
1.7541973158864481
1.7543482918713913
1.7544105080699954
1.7545492232282964
1.755211149398721
1.7531961400419989
1.753110912265122
1.7529484761713212
1.7542528422700845
1.7491624767697154
1.7571428187643097
1.7526497953061537
1.7491120196177443
1.7499106730942915
1.7550738088042768
1.7499920278097931
1.7492942087597858
1.7449285810925477
1.7456782683123435
1.7379642081084266
1.738348606443084
1.732876530953913
1.7307601877827445
1.7268688003091899
1.7251130552977367
1.7231509841334798
1.7181353484115223
1.7147992473542943
1.713615511601027
1.7083581570164392
1.7043225801409982
1.6991101913900304
1.6939859872296579
1.680516820514702
1.6753105771025532
1.659958104473383
1.6534363200323805
1.6447768372275802
1.6358750802173598
1.61474841728768
1.6052716526448723
1.5933262363620928
1.5822853291623191
1.5697395134278198
1.5565624432743614
1.5267193758237037
1.5127907025207266
1.4962695636963017
1.480391565393167
1.4634447189418378
1.4478300203771062
1.4336498183161024
1.4040188613420927
1.3889216379109388
1.3749634339365062
1.3605750926655094
1.3472947136493763
1.332517977845746
1.3160612228377468
1.3010445397695714
1.2859592307716707
1.2557698405178956
1.2411513046003082
1.2279301695733011
1.2140903125783433
1.1902626604616926
1.178408628215515
1.158731878758809
1.150138528953261
1.1427665940500902
1.1371680223822822
1.1331837783838827
1.1292845969328063
1.1270999321460187
1.1248254732360865
1.1242540565517574
1.1250291973308366
1.1265673196252144
1.1323887548429983
1.1376599312397053
1.143507226589414
1.1501980365739368
1.1585501763212411
1.1694461047719062
1.1914847869098522
1.204406706871788
1.2182314551508309
1.233403448316822
1.248317624602578
1.2623475401393391
1.277089392451971
1.3083373667683182
1.3270847180529217
1.3417049139552744
1.358709638932692
1.373720686308384
1.3914711574143965
1.4236998246921395
1.4419297838587006
1.4592591288607282
1.4786146970640526
1.4995807020338454
1.5137621970466082
1.5328317298122416
1.568941513463797
1.5858134557818928
1.605801110765142
1.619919760230256
1.639819537236683
1.6608665213873133
1.6949328445021672
1.7106189237152285
1.7280727707520533
1.748609193438128
1.764420647435923
1.7828674142440188
1.7985098077986994
1.8329602044642508
1.8535999088389286
1.8699102240162653
1.885461361414176
1.9030735810557027
1.918325833741663
1.9533183338182332
1.9709155207538176
2.0048810189320245
2.022718258035667
2.040460180435332
2.0562180401725128
2.0741577063557943
2.0924677917502454
2.109895339277437
2.1292061917662877
2.14717163060225
2.168318702316138
2.1876955592247254
2.2221110172764837
2.2371222539563127
2.2710029479298637
2.2901333930430847
2.303819859488515
2.3209384139333964
2.356508793087911
2.375020639470598
2.3887382112291125
2.4052590289091365
2.4253576486454587
2.4309854633773704
2.4398512815518796
2.443237093680971
2.454001887080306
2.4602877740219173
2.46192633988661
2.460247801219328
2.4587697583588546
2.450602614131036
2.4414734498720603
2.4357983131256473
2.4216806430809488
2.4115117043286713
2.399577821122694
2.3842407858629673
2.3704006361766674
2.3580421585814504
2.3400474083813148
2.321641096684911
2.308988387274521
2.290239035478548
2.24307602656486
2.2274249009402345
2.210499789050592
2.1956356253281144
2.172504208750014
2.156878502871205
2.138424047510456
2.117701707233385
2.098152849796421
2.057231542647216
2.0394916067387996
2.0204110073191712
2.0018846522869853
1.9609446901867753
1.9462504659579036
1.927552164657511
1.9150679856370705
1.8984857281344605
1.8853359524928979
1.8715053337526637
1.8581991091518317
1.8471849354978123
1.8232386987486962
1.8151900527707248
1.8073103152877472
1.7981329099188752
1.7828824044304268
1.7770506144269955
1.7696641093369792
1.7589242517920562
1.7505466608495222
1.7548159976934312
1.7553630941735217
1.7533895901078516
1.7516405745488939
1.7426135728106589
1.7470718372442895
1.7436245495826492
1.7477391357543077
1.7407655459910218
1.7459760985376105
1.7459390946801678
1.7449470655601884
1.7436374473967355
1.7410401629097834
1.7401647743845314
1.7384353246999937
1.736700986145923
1.7438771297226099
1.7473367309911632
1.734353820117777
1.7408515732967467
1.738595827107161
1.740048682087918
1.741793351469192
1.7422701651321189
1.7412624004892507
1.740704538407373
1.7409972271173961
1.7402240389272854
1.7399463142627898
1.7398496838612443
1.739403716012887
1.7403021127868323
1.739963891043288
1.7397845974333734
1.740036474734869
1.7407544184893091
1.7402714102378605
1.7397262148215829
1.7403270481867956
1.7404289818167549
1.7401761342460078
1.7405219973025485
1.7405844616701995
1.7401274759476595
1.7402019848070922
1.740219096665464
1.7405279619700829
1.7405658865586433
1.7402742525961867
1.7407189877538172
1.7407187853801815
1.7404396058260565
1.7406092967228246
1.7407369717100774
1.7406536433849917
1.7406671101535758
1.7409029439286656
1.7406952267534075
1.7406332059584055
1.7407919666249094
1.7400185594993784
1.7405535349230992
1.740847260648148
1.7396711583944542
1.7401257446189808
1.7405929607700368
1.7409995470027446
1.740891776043726
1.740779961426377
1.7404031704515945
1.740322881628921
1.741018129126278
1.7408885477354055
1.7403783734306444
1.740798408655317
1.7409108265668058
1.74080009690725
1.740249167312453
1.7402396973045489
1.7403101154838347
1.7409301957366836
1.7407794082547183
1.7405525949556697
1.7409528761690545
1.740909667171111
1.7406845977170111
1.740995329274748
1.7408010894714392
1.7409457248314113
1.7408785785085674
1.7410599329032883
1.7409037934873421
1.741011295218365
1.740787770513608
1.7408235901721376
1.7405017308090847
1.741147489133004
1.7407811500533146
1.7406425496967657
1.7407853169800833
1.7409827860353653
1.7405165266862632
1.740749998005499
1.741260814764875
1.7402805376684465
1.7409056882940348
1.7406840518820637
1.740481421446771
1.7402988752429793
1.7406617252776522
1.7402868644957659
1.7408564243228783
1.7404955765758696
1.7401814599472318
1.7401484034304606
1.7409661254846907
1.741007671811176
1.740664813808905
1.7411977331894228
1.7410133967122028
1.7405021911334904
1.740700588240701
1.7404571281899759
1.740265974644571
1.740974513164248
1.7411312500979523
1.7410517313319414
1.7411913511473156
1.740798685258441
1.7402423034754408
1.7409193281645663
1.7408945264081324
1.7403318077435344
1.740426841875635
1.7410454140981961
1.7403149077059628
1.7407666903123455
1.7409609153732117
1.7412588833534914
1.741168013983044
1.7406371474993125
1.7406953658276367
1.7404140902911203
1.7404573779973997
1.7406015839469937
1.7405431892871805
1.7406850287154487
1.7414562822812782
1.7406756837113182
1.7409695727162238
1.7405629408969512
