5.927301764390117
5.933437687541661
5.957981380147831
5.915029918087034
5.994796919057087
5.964117303299375
5.957981380147833
5.939573610693206
5.99479691905709
5.97025322645092
5.982525072754005
5.957981380147835
6.013204688511718
5.890486225480867
6.0070687653601755
5.9641173032993775
5.994796919057089
6.013204688511717
5.9211658412385795
5.976389149602462
5.908893994935493
5.9825250727540045
5.994796919057089
5.933437687541664
5.884350302329323
5.951845456996291
5.8782143791777814
5.945709533844749
5.945709533844749
5.976389149602461
5.970253226450918
5.964117303299376
5.95184545699629
5.994796919057088
5.988660995905546
5.9579813801478325
5.994796919057088
5.957981380147833
5.982525072754004
6.007068765360174
5.970253226450917
5.982525072754004
5.964117303299375
5.9763891496024595
5.964117303299375
5.945709533844747
6.0009328422086305
5.970253226450917
5.921165841238577
5.951845456996289
5.964117303299376
6.09297168948177
5.982525072754004
5.945709533844749
5.994796919057089
5.957981380147833
5.982525072754004
5.957981380147833
5.951845456996289
5.90889399493549
5.933437687541661
5.970253226450917
5.9334376875416615
5.945709533844748
5.9825250727540045
5.970253226450918
5.9334376875416615
5.915029918087035
5.927301764390119
5.896622148632407
5.933437687541661
5.878214379177778
5.933437687541661
5.878214379177778
5.921165841238576
5.927301764390118
5.921165841238576
5.853670686571609
5.890486225480864
5.847534763420066
5.927301764390119
5.994796919057087
5.957981380147833
5.92730176439012
5.982525072754003
5.896622148632407
5.945709533844747
5.994796919057087
5.9150299180870345
5.9395736106932056
5.884350302329323
5.872078456026238
5.902758071783951
5.822991070813898
5.816855147662356
5.8782143791777814
5.933437687541664
5.933437687541665
5.9641173032993775
5.9211658412385795
5.99479691905709
6.013204688511719
6.0500202274209745
6.0500202274209745
6.007068765360177
5.976389149602464
5.927301764390123
5.878214379177782
5.853670686571611
5.810719224510813
5.8598066097231545
5.890486225480867
5.872078456026239
5.792311455056185
5.951845456996292
5.9641173032993775
5.964117303299377
6.019340611663258
6.154330920997194
6.007068765360173
6.00093284220863
5.908893994935492
5.835262917116982
5.859806609723152
5.773903685601555
5.651185222570703
5.663457068873787
5.694136684631501
5.7002726077830435
5.761631839298469
5.847534763420066
5.90275807178395
5.8966221486324075
5.859806609723153
5.8536706865716095
5.78617553190464
5.792311455056184
5.859806609723153
5.7800396087531
5.798447378207726
5.773903685601556
5.835262917116982
5.829126993965439
5.822991070813897
5.878214379177781
5.872078456026237
5.859806609723152
5.908893994935491
5.921165841238576
5.939573610693203
5.945709533844744
5.939573610693202
5.945709533844744
6.062292073724052
6.215690152512616
6.442719309119691
6.60838923421134
6.902913545485383
7.179030087304798
7.3324281660933615
7.455146629124213
7.682175785731288
7.841709787671395
7.976700097005331
8.099418560036181
8.228272946218574
8.430758410219479
8.516661334341075
8.67619533628118
8.872544877130544
9.130253649495332
9.41250611446629
9.72543819519496
10.1058654305906
10.596739282714005
11.241011213625974
11.774836527810177
12.437516228176774
13.075652235937202
13.83650670672848
14.450099021882737
15.339807878856409
16.192701196920826
17.033322668682157
17.855536370988858
18.671614150144016
19.457012313541465
20.16264347596886
20.898954254153967
21.653672801793704
23.058799203496953
24.537556683018707
25.709518004963336
26.666722016603977
27.3478094864252
28.11479988036802
29.02905242994786
30.16419821298323
31.330023611776316
32.33017908547775
33.121713172026745
33.888703565969564
34.569791035790786
35.128160042581165
35.87060674391781
36.570101983193666
37.30641276137877
37.913869153381484
38.576548853748086
39.07355862902303
39.398762556054784
39.57670432744952
39.74237425254117
39.797597560905054
39.834413099814306
39.84054902296585
39.754646098844255
39.66260725157112
39.47852955702484
39.21468486150851
38.8956168576283
38.39860708235335
37.79728661350218
37.05483991216553
36.330800980283506
35.70493681882616
34.99316973324723
34.27526672451675
33.39782971384616
32.41608200959935
31.029363377350727
29.796042823890673
28.918605813220083
28.163887265580346
27.44598425684987
26.654450170300876
25.365906308476937
23.81351775113667
22.389983579978793
21.3959640294289
20.401944478879003
19.377245312571393
17.83712860153421
16.57312843231644
15.511613727099578
14.73235148685367
13.695380474242976
12.112312301144993
10.02609842962052
8.823457491918177
7.9767000970053035
7.25266116512328
6.2218260756641275
5.160311370447265
3.810408277107901
2.552544031041675
1.6260196351587481
0.86516516436747
0.055223308363851586
-0.8897088569737033
-1.828505099159715
-2.834796496012696
-4.025165587411953
-4.871922982324827
-5.890486225480893
-6.8354183908184485
-7.817166095065258
-8.952311878100634
-10.013826583317497
-10.952622825503509
-11.989593838114203
-13.333361008302024
-14.536001946004369
-15.444118572432668
-16.43200219983102
-17.32171105680469
-18.22982768323299
-19.567458930269268
-21.62912910918757
-23.06493512664853
-23.930100291016032
-24.54982852932183
-25.237051922294597
-26.139032625571353
-26.930566712120346
-28.15775134242886
-29.335848587525035
-30.213285598195622
-30.796198297592163
-31.231848841351685
-31.5509168452319
-31.612276076747325
-31.734994539778178
-31.661363461959667
-31.48342169056493
-31.262528457109404
-31.09685853201775
-30.58144098728818
-30.03534382680089
-29.34198451067658
-28.45841157685445
-27.353945409576788
-26.18198408763216
-25.384314077931627
-24.592779991382635
-23.88714882895524
-23.224469128588645
-22.377711733675767
-20.64124548178922
-18.978410307721184
-17.689866445897245
-16.830837204681288
-15.953400194010701
-14.842798103581497
-13.646293089030697
-12.468195843934524
-11.296234521989893
-10.339030510349254
-9.234564343071591
-8.025787482217707
-6.853826160273076
-5.841398840268553
-4.884194828627914
-3.9147189706841887
-2.810252803406527
-1.9266798695843979
-1.0185632431560978
-0.16566992509168177
0.5890486225480531
1.3008157081269907
2.043262409463641
2.951379035891941
3.7245053529863044
4.4117287459590715
5.215534678811148
5.632777453116043
5.9334376875416295
6.160466844148705
6.332272692391896
6.3138649229372685
6.283185307179556
6.301593076634184
6.3138649229372685
6.295457153482642
6.295457153482642
6.301593076634184
6.350680461846524
6.424311539665035
6.448855232271205
6.418175616513492
6.448855232271205
6.479534848028918
6.41203969336195
6.38749600075578
6.424311539665035
6.399767847058865
6.43658338596812
6.43658338596812
6.448855232271205
6.510214463786631
6.534758156392801
6.528622233241259
6.522486310089716
6.4611270785742905
6.559301848998971
6.528622233241259
6.614525157362855
6.589981464756685
6.675884388878281
6.602253311059769
6.657476619423653
6.528622233241259
6.516350386938173
6.534758156392801
6.571573695302057
6.602253311059769
6.767923236151419
6.620661080514397
6.675884388878281
6.823146544515302
6.853826160273014
6.817010621363759
6.774059159302961
6.749515466696791
6.669748465726737
6.4611270785742905
6.399767847058865
6.516350386938173
6.510214463786631
6.5040785406350885
6.620661080514397
6.675884388878281
6.608389234211312
6.596117387908228
6.6942921583329085
6.669748465726738
6.675884388878281
6.62679700366594
6.596117387908228
6.461127078574291
6.436583385968121
6.461127078574291
6.565437772150515
6.657476619423654
6.682020312029824
6.712699927787536
6.6758843888782815
6.688156235181367
6.724971774090623
6.700428081484453
6.688156235181367
6.602253311059771
6.632932926817484
6.749515466696793
6.626797003665941
6.639068849969027
6.694292158332909
6.626797003665941
6.669748465726739
6.651340696272111
6.645204773120569
6.7188358509390795
6.565437772150516
6.565437772150516
6.6145251573628565
6.663612542575197
6.6145251573628565
6.565437772150516
6.645204773120569
6.682020312029825
6.608389234211313
6.559301848998972
6.60225331105977
6.55316592584743
6.6329329268174835
6.5899814647566854
6.724971774090622
6.675884388878281
6.608389234211312
6.589981464756685
6.663612542575195
6.67588438887828
6.663612542575194
6.596117387908226
6.632932926817482
6.6083892342113115
6.620661080514397
6.632932926817483
6.645204773120567
6.602253311059769
6.596117387908227
6.682020312029823
6.626797003665939
6.559301848998971
6.626797003665939
6.682020312029823
6.663612542575195
6.5040785406350885
6.6513406962721096
6.626797003665939
6.620661080514397
6.626797003665939
6.657476619423653
6.718835850939078
6.682020312029823
6.632932926817483
6.6083892342113115
6.731107697242162
6.596117387908226
6.6083892342113115
6.596117387908226
6.645204773120566
6.6267970036659385
6.632932926817482
6.682020312029822
6.651340696272109
6.737243620393705
6.651340696272109
6.688156235181364
6.657476619423652
6.657476619423652
6.614525157362854
6.614525157362854
6.663612542575194
6.614525157362854
6.589981464756684
6.657476619423652
6.639068849969024
6.663612542575194
6.571573695302056
