5.927301764390117
5.93343768754166
5.957981380147831
5.915029918087033
5.994796919057086
5.964117303299373
5.957981380147831
5.939573610693203
5.994796919057086
5.970253226450915
5.982525072754001
5.957981380147831
6.013204688511713
5.890486225480862
6.007068765360171
5.964117303299373
5.994796919057086
6.013204688511713
5.921165841238575
5.976389149602458
5.9088939949354895
5.982525072754001
5.994796919057086
5.93343768754166
5.884350302329319
5.9518454569962875
5.878214379177777
5.945709533844745
5.945709533844745
5.976389149602458
5.970253226450915
5.964117303299373
5.9518454569962875
5.994796919057086
5.988660995905543
5.957981380147831
5.994796919057086
5.957981380147831
5.982525072754001
6.007068765360171
5.970253226450915
5.982525072754001
5.964117303299373
5.976389149602458
5.964117303299373
5.945709533844745
6.000932842208628
5.970253226450915
5.921165841238575
5.9518454569962875
5.964117303299373
6.092971689481767
5.982525072754001
5.945709533844745
5.994796919057086
5.957981380147831
5.982525072754001
5.957981380147831
5.9518454569962875
5.9088939949354895
5.93343768754166
5.970253226450915
5.93343768754166
5.945709533844745
5.982525072754001
5.970253226450915
5.93343768754166
5.915029918087033
5.927301764390117
5.896622148632405
5.93343768754166
5.878214379177777
5.93343768754166
5.878214379177777
5.921165841238575
5.927301764390117
5.921165841238575
5.853670686571607
5.890486225480862
5.8475347634200645
5.927301764390117
5.994796919057086
5.957981380147831
5.927301764390117
5.982525072754001
5.896622148632405
5.945709533844745
5.994796919057086
5.915029918087033
5.939573610693203
5.884350302329319
5.872078456026235
5.902758071783947
5.822991070813893
5.816855147662351
5.878214379177777
5.93343768754166
5.93343768754166
5.964117303299373
5.921165841238575
5.994796919057086
6.013204688511713
6.050020227420969
6.050020227420969
6.007068765360171
5.976389149602458
5.927301764390117
5.878214379177777
5.853670686571607
5.810719224510809
5.859806609723149
5.890486225480862
5.872078456026235
5.792311455056181
5.9518454569962875
5.964117303299373
5.964117303299373
6.019340611663256
6.154330920997192
6.007068765360171
6.000932842208628
5.9088939949354895
5.835262917116979
5.859806609723149
5.773903685601553
5.651185222570702
5.663457068873787
5.6941366846315
5.700272607783043
5.7616318392984684
5.8475347634200645
5.902758071783947
5.896622148632405
5.859806609723149
5.853670686571607
5.786175531904639
5.792311455056181
5.859806609723149
5.780039608753096
5.798447378207723
5.773903685601553
5.835262917116979
5.829126993965437
5.822991070813893
5.878214379177777
5.872078456026235
5.859806609723149
5.9088939949354895
5.921165841238575
5.939573610693203
5.945709533844745
5.939573610693203
5.945709533844745
6.062292073724054
6.215690152512618
0.1595340019401067
0.32520392703175593
0.619728238305799
0.8958447801252144
1.0492428589137786
1.1719613219446299
1.3989904785517047
1.5585244804918115
1.6935147898257479
1.8162332528565992
1.945087639038993
2.1475731030398975
2.2334760271614935
2.3930100291016
2.5893595699509624
2.84706834231575
3.129320807286708
3.442252888015379
3.822680123411018
4.313553975534423
4.957825906446392
5.491651220630596
6.154330920997192
0.5092816215780329
1.2701360923693108
1.8837284075235674
2.773437264497239
3.6263305825616556
4.466952054322987
5.289165756629691
6.105243535784852
0.607456392002714
1.3130875544301088
2.0493983326152168
2.804116880254952
4.2092432819582
5.688000761479957
0.5767767762450011
1.533980787885641
2.2150682577068657
2.9820586516496865
3.8963112012295285
5.031456984264903
6.19728238305799
0.9142525495798421
1.705786636128833
2.4727770300716534
3.153864499892878
3.7122335066832517
4.454680208019902
5.154175447295755
5.890486225480862
0.21475731030398976
0.8774370106705868
1.3744467859455345
1.6996507129772904
1.8775924843720249
2.043262409463674
2.098485717827557
2.1353012567368124
2.141437179888355
2.055534255766759
1.9634954084936207
1.7794177139473437
1.5155730184310134
1.1965050145508
0.6994952392758523
0.09817477042468103
5.638913376267617
4.914874444385594
4.289010282928253
3.5772431973493153
2.859340188618835
1.9819031779482483
1.000155473701438
5.896622148632405
4.663301595172349
3.785864584501762
3.031146036862027
2.313243028131547
1.521708941582556
0.23316507975861744
4.963961829597935
3.54042765844006
2.5464081078901644
1.552388557340269
0.5276893910326605
5.270757987175063
4.006757817957295
2.945243112740431
2.1659808724945253
1.1290098598838318
5.829126993965437
3.7429131224409646
2.5402721847386216
1.6935147898257479
0.9694758579437253
6.22182607566416
5.160311370447297
3.810408277107933
2.552544031041707
1.6260196351587797
0.8651651643675016
0.05522330836388308
5.393476450205914
4.454680208019902
3.448388811166921
2.2580197197676637
1.41126232485479
0.39269908169872414
5.730952223540755
4.749204519293945
3.6140587362585705
2.552544031041707
1.6137477888556946
0.5767767762450011
5.516194913236766
4.313553975534423
3.4054373491061236
2.4175537217077703
1.5278448647340985
0.619728238305799
5.565282298449106
3.5036121195308043
2.067806102069844
1.2026409377023426
0.5829126993965437
6.178874613603362
5.2768939103266055
4.485359823777615
3.2581751934691017
2.0800779483729293
1.2026409377023426
0.619728238305799
0.18407769454627693
6.14819499784565
6.086835766330224
5.964117303299373
6.037748381117884
6.215690152512618
0.15339807878856412
0.3190680038802134
0.8344855486097889
1.380582709097077
2.073942025221387
2.9575149590435164
4.061981126321178
5.2339424482658075
6.031612457966341
0.5399612373357456
1.2455923997631406
1.9082721001297376
2.7550294950426117
4.491495746929157
6.154330920997192
1.1596894756415448
2.018718716857504
2.8961557275280905
4.006757817957295
5.203262832508095
0.09817477042468103
1.2701360923693108
2.227340104009951
3.3318062712876126
4.540583132141498
5.712544454086128
0.44178646691106466
1.3989904785517047
2.36846633649543
3.472932503773092
4.356505437595221
5.264622064023521
6.117515382087937
0.5890486225480862
1.3008157081270237
2.043262409463674
2.9513790358919736
3.724505352986337
4.411728745959104
5.21553467881118
5.632777453116074
5.93343768754166
6.160466844148735
0.04908738521234052
0.030679615757712823
0.0
0.018407769454627694
0.030679615757712823
0.01227184630308513
0.01227184630308513
0.018407769454627694
0.0674951546669682
0.14112623248547898
0.16566992509164924
0.1349903093339364
0.16566992509164924
0.19634954084936207
0.12885438618239387
0.1043106935762236
0.14112623248547898
0.11658253987930872
0.15339807878856412
0.15339807878856412
0.16566992509164924
0.2270291566070749
0.25157284921324513
0.2454369260617026
0.23930100291016002
0.17794177139473438
0.2761165418194154
0.2454369260617026
0.3313398501832985
0.30679615757712825
0.39269908169872414
0.3190680038802134
0.37429131224409645
0.2454369260617026
0.23316507975861744
0.25157284921324513
0.28838838812250056
0.3190680038802134
0.48473792897186263
0.3374757733348411
0.39269908169872414
0.5399612373357456
0.5706408530934585
0.5338253141842031
0.4908738521234052
0.4663301595172349
0.3865631585471816
0.17794177139473438
0.11658253987930872
0.23316507975861744
0.2270291566070749
0.22089323345553233
0.3374757733348411
0.39269908169872414
0.32520392703175593
0.3129320807286708
0.4111068511533518
0.3865631585471816
0.39269908169872414
0.3436116964863836
0.3129320807286708
0.17794177139473438
0.15339807878856412
0.17794177139473438
0.28225246497095796
0.37429131224409645
0.3988350048502667
0.4295146206079795
0.39269908169872414
0.4049709280018093
0.44178646691106466
0.4172427743048944
0.4049709280018093
0.3190680038802134
0.34974761963792617
0.4663301595172349
0.3436116964863836
0.35588354278946877
0.4111068511533518
0.3436116964863836
0.3865631585471816
0.36815538909255385
0.3620194659410113
0.4356505437595221
0.28225246497095796
0.28225246497095796
0.3313398501832985
0.380427235395639
0.3313398501832985
0.28225246497095796
0.3620194659410113
0.3988350048502667
0.32520392703175593
0.2761165418194154
0.3190680038802134
0.2699806186678728
0.34974761963792617
0.30679615757712825
0.44178646691106466
0.39269908169872414
0.32520392703175593
0.30679615757712825
0.380427235395639
0.39269908169872414
0.380427235395639
0.3129320807286708
0.34974761963792617
0.32520392703175593
0.3374757733348411
0.34974761963792617
0.3620194659410113
0.3190680038802134
0.3129320807286708
0.3988350048502667
0.3436116964863836
0.2761165418194154
0.3436116964863836
0.3988350048502667
0.380427235395639
0.22089323345553233
0.36815538909255385
0.3436116964863836
0.3374757733348411
0.3436116964863836
0.37429131224409645
0.4356505437595221
0.3988350048502667
0.34974761963792617
0.32520392703175593
0.4479223900626072
0.3129320807286708
0.32520392703175593
0.3129320807286708
0.3620194659410113
0.3436116964863836
0.34974761963792617
0.3988350048502667
0.36815538909255385
0.4540583132141498
0.36815538909255385
0.4049709280018093
0.37429131224409645
0.37429131224409645
0.3313398501832985
0.3313398501832985
0.380427235395639
0.3313398501832985
0.30679615757712825
0.37429131224409645
0.35588354278946877
0.380427235395639
0.28838838812250056
