1.668049650801317
1.6670485084111477
1.6674817257539105
1.6673704424829647
1.6669897454752274
1.6676448446405974
1.6675225606790185
1.6671886507632812
1.6675775352887259
1.6681546806278673
1.667726362829595
1.6688535116799428
1.6687276744342812
1.6685742645072419
1.6685416430690916
1.6685563323523456
1.6693248259731452
1.669028625737978
1.6687944629727722
1.6688468796586589
1.6689548101242124
1.6682176417275432
1.6692101311062741
1.668481283493472
1.6683168772025694
1.6688366259206528
1.668956038126814
1.668790593908924
1.6689746339816727
1.66899911149922
1.6689619462345902
1.6693671939154267
1.66960931344447
1.6692383410582399
1.669023538185564
1.6695018440143645
1.6695651707302614
1.6690120512769457
1.6693717676059672
1.6689046932488614
1.6695175244231724
1.6695972584773668
1.6699791496723007
1.6697863707594243
1.6690657367264907
1.6692547806610907
1.6691588663814445
1.6692138455979035
1.6692801277631468
1.6688923178901316
1.6689620642320708
1.6692949215339976
1.6690129153419284
1.6688988833971574
1.668617070859147
1.6688162648007427
1.6690707739006718
1.669510211944165
1.6693868648713615
1.669187034148724
1.6692611739656869
1.6691459453400643
1.669317616074509
1.6693751157655958
1.6689967736504172
1.6694693781568053
1.6692966279895916
1.6694645161203858
1.669849378460728
1.6692876766966145
1.6692295357234839
1.6695288304295772
1.6689961689396458
1.6694480222908086
1.6691333960457795
1.6696073705570256
1.6697561483290422
1.6696347986048163
1.6693087346943194
1.6695730471877266
1.669353360288754
1.6697245041531412
1.6693249829475905
1.6694117258586463
1.669655435691321
1.669419529520527
1.6698454214828804
1.6696892781541568
1.6693767614444137
1.6695891444994273
1.6692700836562437
1.6690328626595954
1.6688748641943796
1.6694760028149405
1.6694419391330835
1.6693865303202353
1.668917120812419
1.6692710099861738
1.669614215809126
1.6691171061059258
1.6696164360519237
1.6696203329095394
1.6693829920378598
1.6694483142472425
1.669285857215947
1.6697713673211674
1.6700596601462183
1.6695677587107614
1.6695792246695518
1.6695785406363715
1.6693790040872922
1.669917080436437
1.6698348271706247
1.6701855651732578
1.6693658907392213
1.6693859272763165
1.669312989150471
1.6698196768400149
1.6694956360797497
1.6693012859431693
1.6695288267018087
1.6693285042058195
1.669842938621741
1.6694937180567102
1.669300278070726
1.6695055415656923
1.6694475315190773
1.6694453516745986
1.6696329648915986
1.6694712373998448
1.6698849007904841
1.6691978140085089
1.6692764944964564
1.6697941163565502
1.669591547496631
1.6698667811250074
1.6695053632431742
1.6694555678052094
1.669755724063374
1.6692912537323341
1.6691890660105595
1.6689774898434546
1.6693804901845162
1.6692794948094554
1.6692672377102657
1.6693917919208032
1.6695296984235743
1.6697255381049891
1.6694830142235892
1.6694428453503223
1.6691943179189048
1.6698058409639156
1.668979699930379
1.6692079609234274
1.6693507549522262
1.6693912844255316
1.6700264273779017
1.6691323000216318
1.6697712605899189
1.6693610928943252
1.669142614333096
1.669158327059472
1.6691465273477646
1.669671640067356
1.6692112940381754
1.6692901128752446
1.669755564259621
1.669858634582305
1.6697208595234876
1.6701577303037796
1.6699150846791593
1.669889638151437
1.6693588104795136
1.6698001540337855
1.6695847218482964
1.6690189325240488
1.6689569171714118
1.668452906884021
1.6685052170977124
1.6687362916767412
1.6702416241406557
1.6684224215739722
1.6684901015056193
1.6708521700655015
1.6727351592816635
1.66856089610131
1.6699165500030309
1.669794855728851
1.666980441995007
1.665441026869067
1.6617770578788147
1.6582017346927347
1.655562288774264
1.6511316162889587
1.6435454912204444
1.6377505383693387
1.6222787318185545
1.6124539443820534
1.605925053154111
1.596224363828132
1.586773150976827
1.5758117984736215
1.5537053522846338
1.540952600765604
1.5293917780865678
1.516744249002296
1.505555827432078
1.492489352818008
1.4787038836470463
1.4520672466217202
1.4385153410669407
1.4256519686325986
1.4123549409743519
1.3984287248405605
1.385356429494785
1.3477156822299585
1.3347091258205537
1.3225287739459337
1.3085209264498463
1.2952025326375745
1.2809936800551331
1.2669110264857475
1.2537527904944166
1.2405913390386256
1.2128827240840223
1.2014559735808263
1.190947898471204
1.180162722205443
1.1612092888707792
1.1546012877713177
1.148788553295943
1.1449890721751543
1.142828440346186
1.1422055269284124
1.1455427728639158
1.14919856805049
1.153568780571732
1.159552880228603
1.1668887622327044
1.1736489997188018
1.1829807501246707
1.2036683721633377
1.2161380207479529
1.22869612312889
1.2439054808182743
1.2588217341420993
1.273923951910154
1.3020994921922058
1.3173626414890987
1.3343193646682627
1.350056757296718
1.3643534369350119
1.3813242637359482
1.4119394953514037
1.4277366186346239
1.4580292944580122
1.4742216566208666
1.491575150462561
1.5067533197923457
1.5382681049102
1.5537971423421082
1.5699689843290665
1.5832139977246498
1.6011719593711864
1.6179166186445135
1.6350351432217336
1.6679335669151423
1.6828759880066129
1.6982449246864009
1.713672731251641
1.7273428851121104
1.7411113533660294
1.7678656710444915
1.7827638932945884
1.796679771660628
1.8123612997078153
1.8285271996557206
1.8438791585480458
1.8608914839347503
1.89284727766015
1.9109423310827833
1.9288733946273269
1.9460603266194878
1.9603268670824026
2.0134406600109864
2.0276430543371426
2.042852839018144
2.062325349022122
2.0791192073733438
2.0923230041636045
2.111349456288727
2.142396530278769
2.1610546793865604
2.1732860289447262
2.1914691770572157
2.208662314912361
2.223416351400623
2.25543804942381
2.2717142880708354
2.2891745700059616
2.3086355257338798
2.321695180049327
2.336592888789838
2.3544659992406207
2.3689656355244724
2.379561090744536
2.4078897791219176
2.4145837818286355
2.426003536886733
2.43429551483794
2.441182696607198
2.438132688748193
2.435730359331252
2.434757651782138
2.4334357842942436
2.428749558073699
2.418696521376607
2.403940813916422
2.4009651192193604
2.379370573649123
2.3623311463972447
2.354276837113142
2.336786638860715
2.30603432418801
2.291703953922753
2.2794898534996624
2.260451227640838
2.2462533292095666
2.2282976330210746
2.179118321530748
2.160940072044084
2.1423325335434242
2.123605121304971
2.107132299475471
2.094145170321807
2.061720223933997
2.0376526585746895
2.0134030793141457
1.9917988548786094
1.970183877628392
1.9504949931200464
1.911113246401778
1.8924590983307448
1.8735482775231675
1.8597593362390485
1.8397836086814041
1.8355652026304192
1.8252270573650993
1.8009529007265426
1.7790371271101526
1.7685770854395744
1.7512088076357122
1.737449169933626
1.7448880482249067
1.7132833382772672
1.7156460875577486
1.7091690833345945
1.71241367569158
1.700316988846788
1.6980769050705906
1.6942611603905142
1.6997609040226578
1.6924834673597882
1.6899742739452215
1.6943729307849968
1.6909188923398055
1.684183503212414
1.684945613101656
1.6868772269879098
1.6887733484058673
1.6904528954267157
1.691167166598006
1.6945991346421991
1.6946901536253165
1.6929252006347921
1.6915608653647691
1.6910105993005673
1.6917640561965475
1.6929912758198786
1.695425353824787
1.6949417725217126
1.6937567987604698
1.6923779287205796
1.693324303856211
1.6932091771175461
1.6941353827753423
1.6953244415178454
1.6944720856656903
1.6940890150817658
1.695918424773749
1.694540940657981
1.694027926597017
1.6934052254624365
1.6942924199100797
1.6943884766812964
1.6947450975313587
1.6947513141411161
1.6958482336688485
1.6957688163191427
1.695215680798038
1.6944209879218264
1.694852562680296
1.6958069244060476
1.6946038096865539
1.695606740199667
1.6950367059489273
1.6949711714369442
1.6949229323449957
1.6956673600551042
1.695854914436852
1.695248929104554
1.6957887668722922
1.6948078441661696
1.6946145912648465
1.6947925564037745
1.6956182376859703
1.6955037643811592
1.6960734955942451
1.6955610340891911
1.6960398006203286
1.6950964074937123
1.695764917495945
1.695691426769881
1.6943226422639688
1.6952488115503184
1.694426808797611
1.695576677683694
1.6946500452806281
1.694790124933314
1.6951325806579438
1.6959837464108312
1.6964846157501183
1.6943138730678713
1.6943670737978658
1.6954710902451378
1.6952034202576192
1.6957693891991534
1.6961900705416735
1.696254165628162
1.6957647715611674
1.6947568081244406
1.6942925049033117
1.6951847066971562
1.6955241445305187
1.6959409475714045
1.6953605614295348
1.6958192494060116
1.6955375758173559
1.6951598690431506
1.6951616973029466
1.69479441813438
1.69549842732231
1.6953441082690923
1.6942433742394158
1.6950961395603736
1.695853027728797
1.6950568624990772
1.6947075857603162
1.6955433785950642
1.6950493371777626
1.6940232118088792
1.6959766911683467
1.6942505612853624
1.6941102694401788
1.6948389840153018
1.6957503441668627
1.6955217235282358
1.6961563309913081
1.6946583656999499
1.694662944942425
1.694615386626347
1.694913047192882
1.694684844154597
1.6944283044162856
1.6960779275338194
1.6944518211877706
1.6950150303573754
1.695983708931764
1.6951469811487212
1.695811755775045
1.6952052669259845
1.693223305640443
1.695512617545346
1.6942325419078608
1.6938149984961666
1.6953013399356958
1.695679585544913
1.6961279049311229
1.6951365745334839
1.6954686930313159
1.6955963267739762
1.6951378104624868
1.696665742961692
1.696148998680416
1.695679383209754
1.695915245631434
1.6950177295558484
1.6951073077887757
1.6951387299546743
1.6958719017593502
1.694249932243395
1.6951487617177627
1.6951417211847923
1.6959862166248083
1.6956914736816162
1.695983265478189
1.6951374812147169
1.6948191149118583
1.6950310796641639
