0.4356505437595221
0.46019423636569234
0.4479223900626072
0.5031456984264903
0.42337869745643697
0.4479223900626072
0.42337869745643697
0.42337869745643697
0.4172427743048944
0.47860200582032003
0.4356505437595221
0.4663301595172349
0.4356505437595221
0.4172427743048944
0.4295146206079795
0.4663301595172349
0.4540583132141498
0.4479223900626072
0.4295146206079795
0.44178646691106466
0.4540583132141498
0.4479223900626072
0.4356505437595221
0.4356505437595221
0.4540583132141498
0.4540583132141498
0.3988350048502667
0.28225246497095796
0.4356505437595221
0.4479223900626072
0.4295146206079795
0.4172427743048944
0.4295146206079795
0.44178646691106466
0.42337869745643697
0.4295146206079795
0.46019423636569234
0.4172427743048944
0.4479223900626072
0.44178646691106466
0.4356505437595221
0.23316507975861744
0.4479223900626072
0.5522330836388308
0.4479223900626072
0.4540583132141498
0.4724660826687775
0.4295146206079795
0.4663301595172349
0.46019423636569234
0.4295146206079795
0.46019423636569234
0.4172427743048944
0.4172427743048944
0.4295146206079795
0.4663301595172349
0.4724660826687775
0.4356505437595221
0.44178646691106466
0.47860200582032003
0.4540583132141498
0.46019423636569234
0.4908738521234052
0.4663301595172349
0.4540583132141498
0.4663301595172349
0.4356505437595221
0.44178646691106466
0.4540583132141498
0.4663301595172349
0.4908738521234052
0.46019423636569234
0.4172427743048944
0.44178646691106466
0.3129320807286708
0.4479223900626072
0.4295146206079795
0.4172427743048944
0.4356505437595221
0.3865631585471816
0.42337869745643697
0.5031456984264903
0.5338253141842031
0.521553467881118
0.4663301595172349
0.46019423636569234
0.4479223900626072
0.4172427743048944
0.4479223900626072
0.4479223900626072
0.4970097752749477
0.5031456984264903
0.4724660826687775
0.4111068511533518
0.44178646691106466
0.4049709280018093
0.4724660826687775
0.4540583132141498
0.4111068511533518
0.39269908169872414
0.42337869745643697
0.4049709280018093
0.380427235395639
0.36815538909255385
0.42337869745643697
0.4295146206079795
0.4295146206079795
0.4111068511533518
0.4295146206079795
0.4049709280018093
0.4356505437595221
0.46019423636569234
0.5092816215780329
0.4724660826687775
0.4663301595172349
0.48473792897186263
0.48473792897186263
0.5031456984264903
0.4356505437595221
0.4172427743048944
0.4663301595172349
0.4663301595172349
0.4479223900626072
0.4663301595172349
0.521553467881118
0.521553467881118
0.5583690067903734
0.607456392002714
0.5399612373357456
0.5154175447295755
0.5154175447295755
0.5583690067903734
0.5460971604872883
0.5276893910326605
0.5522330836388308
0.5767767762450011
0.607456392002714
0.5276893910326605
0.48473792897186263
0.4540583132141498
0.48473792897186263
0.5583690067903734
0.6381360077604268
0.7301748550335652
0.6013204688511713
0.5338253141842031
0.4172427743048944
0.3865631585471816
0.380427235395639
0.32520392703175593
0.2086213871524472
0.28838838812250056
0.3436116964863836
0.4970097752749477
0.4970097752749477
0.47860200582032003
0.5092816215780329
0.5460971604872883
0.5829126993965437
0.619728238305799
0.6442719309119693
0.619728238305799
0.6810874698212247
0.6933593161243098
0.7547185476397354
0.7485826244881929
0.7915340865489908
0.8283496254582462
0.8099418560036186
0.7976700097005334
0.7915340865489908
0.7915340865489908
0.7853981633974483
0.803805932852076
0.8099418560036186
0.8283496254582462
0.7853981633974483
0.7976700097005334
0.7853981633974483
0.7731263170943632
0.7547185476397354
0.7853981633974483
0.7853981633974483
0.803805932852076
0.8344855486097889
0.8713010875190442
0.9694758579437253
1.055378782065321
1.1474176293384597
1.3437671701878218
1.521708941582556
1.718058482431918
1.9634954084936207
2.2641556429192065
2.6568547246179306
3.031146036862027
3.4913402732277192
3.9576704327449543
4.442408361716817
4.97623367590102
5.47937937432751
6.056156150572511
0.2945243112740431
0.8467573949128739
1.5707963267948966
2.405281875404685
3.54042765844006
4.608078286808466
5.810719224510809
0.3313398501832985
0.9817477042468103
1.607611865704152
2.3316507975861747
3.018874190558942
3.8533597391687304
4.95168998329485
5.945709533844745
0.5399612373357456
1.239456476611598
1.8960002538266525
2.5034566458293663
3.4177091954092087
4.331961744989051
5.5714182216006485
0.2454369260617026
0.9572040116406401
1.4910293258248433
2.000310947402876
2.3930100291016
2.6813984172241008
2.9575149590435164
3.160000423044421
3.32567034813607
3.356349963893783
3.2520392703175593
3.098641191528995
2.8532042654672924
2.5709518004963345
2.2150682577068657
1.9266798695843652
1.6505633277649499
1.1780972450961724
0.705631162427395
6.043884304269426
4.718524903536232
3.479068426924634
2.509592568980909
1.7548740213411735
1.0369710126106935
0.17794177139473438
5.190990986205009
3.8717675086233583
1.9512235621905356
1.0921943209745766
0.2454369260617026
5.2339424482658075
3.816544200259475
2.6998061866787286
1.6566992509164924
0.8467573949128739
0.11658253987930872
5.5284667595398505
4.608078286808466
3.5158839658338894
2.454369260617026
1.4419419406125027
0.6810874698212247
6.0991076126333095
5.080544369477243
3.6201946594101133
2.4911847995262812
1.6566992509164924
1.0737865515199487
0.4663301595172349
6.031612457966341
5.190990986205009
4.178563666200486
3.153864499892878
1.8346410223112268
0.9940195505498954
0.30066023442558565
4.97623367590102
3.7551849687440497
2.442097414313941
1.1719613219446299
0.34974761963792617
5.816855147662351
4.675573441475434
3.6079228131070282
1.9757672547967058
0.6258641614573416
5.546874528994478
4.651029748869264
3.8840393549264434
2.9145634969827183
1.7241944055834606
0.5092816215780329
5.767767762450011
4.890330751779424
4.031301510563465
3.2459033471660166
2.448233337465483
0.9940195505498954
5.939573610693203
4.76147636559703
4.1172044346850605
3.5833791205008576
3.2029518851052186
2.8838838812250054
2.675262494072558
2.564815877344792
2.552544031041707
2.448233337465483
2.724349879284899
2.9268353432858034
3.2213596545598464
3.5281558121369745
3.988350048502667
4.466952054322987
5.123495831538041
0.17794177139473438
1.5892040962495242
2.6323110320117604
3.6140587362585705
4.4976316700806995
5.460971604872882
0.3620194659410113
1.576932249946439
4.154019973594316
5.240078371417351
6.2463697682703305
1.1044661672776617
2.6323110320117604
4.264466590322082
5.448699758569798
6.264777537724958
1.000155473701438
2.3193789512830896
3.933126740138784
5.45483568172134
0.32520392703175593
1.2946797849754812
2.5034566458293663
3.6140587362585705
4.767612288748572
5.6573211457222445
0.1595340019401067
0.7363107781851077
1.380582709097077
2.073942025221387
2.736621725587984
3.3624858870453256
3.865631585471816
4.331961744989051
4.76147636559703
5.062136600022616
5.2768939103266055
5.485515297479052
5.700272607783043
5.8045833013592665
5.8475347634200645
5.945709533844745
5.884350302329319
5.8659425328746915
5.878214379177777
5.902758071783947
5.872078456026235
5.902758071783947
5.878214379177777
5.8659425328746915
5.93343768754166
5.915029918087033
5.9088939949354895
5.902758071783947
5.853670686571607
5.829126993965437
5.767767762450011
5.737088146692298
5.6941366846315
5.663457068873787
5.602097837358362
5.577554144752192
5.595961914206819
5.730952223540755
5.884350302329319
6.007068765360171
5.884350302329319
5.749359992995383
5.675728915176872
5.651185222570702
5.7616318392984684
5.915029918087033
5.921165841238575
5.939573610693203
5.964117303299373
5.988660995905543
6.025476534814799
5.927301764390117
5.859806609723149
5.712544454086128
5.700272607783043
5.6143696836614465
5.620505606812989
5.583690067903734
5.553010452146021
5.712544454086128
5.829126993965437
5.829126993965437
5.822991070813893
5.8045833013592665
5.8475347634200645
5.8475347634200645
5.822991070813893
5.773903685601553
5.816855147662351
5.841398840268521
5.651185222570702
5.706408530934585
5.773903685601553
5.8045833013592665
5.798447378207723
5.786175531904639
5.816855147662351
5.8045833013592665
5.773903685601553
5.822991070813893
5.841398840268521
5.829126993965437
5.810719224510809
5.786175531904639
5.810719224510809
5.8045833013592665
5.706408530934585
5.688000761479957
5.730952223540755
5.792311455056181
5.829126993965437
5.786175531904639
5.773903685601553
5.8045833013592665
5.921165841238575
5.859806609723149
5.841398840268521
5.816855147662351
5.816855147662351
5.8475347634200645
5.792311455056181
5.810719224510809
5.780039608753096
5.8475347634200645
5.853670686571607
5.878214379177777
5.829126993965437
5.822991070813893
5.792311455056181
5.792311455056181
5.822991070813893
5.798447378207723
5.835262917116979
5.8045833013592665
5.767767762450011
5.780039608753096
5.798447378207723
5.773903685601553
5.792311455056181
5.773903685601553
5.773903685601553
5.810719224510809
5.773903685601553
5.810719224510809
5.786175531904639
5.810719224510809
5.810719224510809
5.792311455056181
5.792311455056181
5.822991070813893
5.810719224510809
5.792311455056181
5.786175531904639
5.822991070813893
5.786175531904639
5.786175531904639
5.792311455056181
5.780039608753096
5.841398840268521
5.798447378207723
5.798447378207723
5.816855147662351
5.8659425328746915
5.816855147662351
5.780039608753096
5.8045833013592665
5.8045833013592665
5.798447378207723
5.780039608753096
5.8045833013592665
5.816855147662351
5.792311455056181
5.816855147662351
5.835262917116979
5.841398840268521
5.816855147662351
5.810719224510809
5.8475347634200645
5.822991070813893
5.816855147662351
5.816855147662351
5.853670686571607
