0.43565054375952206
0.4601942363656923
0.44792239006260715
0.5031456984264902
0.42337869745643686
0.44792239006260715
0.4233786974564369
0.42337869745643697
0.4172427743048944
0.4786020058203201
0.4356505437595221
0.46633015951723494
0.43565054375952217
0.4172427743048945
0.4295146206079795
0.4663301595172349
0.4540583132141498
0.44792239006260726
0.42951462060797957
0.4417864669110647
0.45405831321414986
0.44792239006260726
0.4356505437595222
0.4356505437595222
0.45405831321414986
0.4540583132141498
0.3988350048502667
0.2822524649709579
0.4356505437595221
0.4479223900626072
0.42951462060797946
0.4172427743048944
0.4295146206079795
0.4417864669110646
0.4233786974564369
0.4295146206079795
0.46019423636569234
0.4172427743048944
0.44792239006260715
0.44178646691106455
0.435650543759522
0.2331650797586174
0.44792239006260715
0.5522330836388307
0.44792239006260715
0.45405831321414974
0.47246608266877743
0.42951462060797946
0.4663301595172348
0.46019423636569223
0.4295146206079794
0.46019423636569223
0.4172427743048943
0.4172427743048943
0.4295146206079794
0.4663301595172348
0.47246608266877743
0.4356505437595221
0.44178646691106466
0.47860200582032003
0.45405831321414974
0.46019423636569234
0.4908738521234052
0.4663301595172349
0.4540583132141498
0.4663301595172349
0.43565054375952217
0.44178646691106477
0.45405831321414986
0.4663301595172349
0.4908738521234052
0.46019423636569234
0.4172427743048944
0.4417864669110646
0.3129320807286707
0.4479223900626071
0.42951462060797946
0.4172427743048944
0.43565054375952206
0.38656315854718154
0.42337869745643686
0.5031456984264902
0.533825314184203
0.521553467881118
0.4663301595172349
0.46019423636569234
0.44792239006260726
0.4172427743048945
0.44792239006260726
0.4479223900626073
0.4970097752749479
0.5031456984264905
0.47246608266877776
0.41110685115335216
0.441786466911065
0.4049709280018096
0.4724660826687778
0.4540583132141502
0.4111068511533522
0.39269908169872453
0.4233786974564373
0.40497092800180956
0.3804272353956392
0.368155389092554
0.4233786974564372
0.42951462060797974
0.42951462060797974
0.4111068511533521
0.4295146206079798
0.40497092800180956
0.43565054375952234
0.4601942363656926
0.5092816215780331
0.47246608266877765
0.46633015951723505
0.48473792897186274
0.48473792897186274
0.5031456984264904
0.4356505437595223
0.4172427743048946
0.466330159517235
0.466330159517235
0.44792239006260726
0.46633015951723494
0.521553467881118
0.521553467881118
0.5583690067903733
0.607456392002714
0.5399612373357455
0.5154175447295755
0.5154175447295755
0.5583690067903735
0.5460971604872885
0.5276893910326607
0.552233083638831
0.5767767762450012
0.6074563920027141
0.5276893910326607
0.48473792897186274
0.4540583132141499
0.48473792897186274
0.5583690067903734
0.6381360077604269
0.7301748550335652
0.6013204688511713
0.5338253141842031
0.4172427743048944
0.3865631585471816
0.38042723539563905
0.325203927031756
0.20862138715244727
0.2883883881225006
0.3436116964863837
0.4970097752749478
0.4970097752749477
0.4786020058203201
0.5092816215780329
0.5460971604872882
0.5829126993965436
0.6197282383057989
0.6442719309119692
0.6197282383057989
0.6810874698212247
0.6933593161243098
0.7547185476397354
0.7485826244881929
0.7915340865489907
0.8283496254582461
0.8099418560036186
0.7976700097005333
0.7915340865489906
0.7915340865489906
0.7853981633974481
0.8038059328520757
0.8099418560036181
0.8283496254582458
0.785398163397448
0.7976700097005329
0.7853981633974478
0.7731263170943627
0.7547185476397349
0.7853981633974477
0.7853981633974478
0.8038059328520757
0.8344855486097885
0.8713010875190439
0.9694758579437249
1.0553787820653209
1.1474176293384595
1.3437671701878215
1.5217089415825558
1.7180584824319178
1.9634954084936207
2.264155642919207
2.656854724617931
3.0311460368620273
3.4913402732277197
3.9576704327449543
4.442408361716817
4.976233675901019
5.479379374327508
6.05615615057251
6.5777096184536274
7.129942702092459
7.853981633974481
8.68846718258427
9.823612965619645
10.89126359398805
12.093904531690393
12.897710464542469
13.548118318605981
14.173982480063323
14.898021411945345
15.585244804918112
16.4197303535279
17.51806059765402
18.512080148203914
19.3895171588745
20.089012398150352
20.745556175365408
21.353012567368122
22.267265116947964
23.181517666527807
24.420974143139404
25.378178154780045
26.089945240358983
26.623770554543185
27.13305217612122
27.52575125781994
27.814139645942443
28.09025618776186
28.292741651762768
28.458411576854417
28.48909119261213
28.384780499035905
28.23138242024734
27.98594549418564
27.703693029214683
27.347809486425213
27.059421098302714
26.783304556483298
26.31083847381452
25.838372391145743
24.893440225808188
23.568080825074993
22.328624348463396
21.359148490519672
20.604429942879936
19.886526934149455
19.027497692933498
17.757361600564185
16.438138122982533
14.517594176549709
13.65856493533375
12.811807540420876
11.517127755445394
10.099729507439061
8.982991493858314
7.939884558096079
7.12994270209246
6.399767847058895
5.528466759539851
4.608078286808467
3.51588396583389
2.454369260617027
1.4419419406125038
0.6810874698212259
-0.18407769454627498
-1.2026409377023413
-2.662990647769471
-3.792000507653303
-4.626486056263092
-5.2093987556596355
-5.816855147662349
-6.534758156392829
-7.375379628154161
-8.387806948158683
-9.412506114466293
-10.731729592047945
-11.572351063809275
-12.265710379933585
-13.873322245637738
-15.094370952794709
-16.407458507224817
-17.677594599594126
-18.499808301900828
-19.315886081055986
-20.457167787242902
-21.524818415611307
-23.156973973921627
-24.506877067260994
-25.86905200690344
-26.764896787028658
-27.531887180971477
-28.5013630389152
-29.69173213031446
-30.906644914319887
-31.931344080627497
-32.80878109129809
-33.667810332514044
-34.45320849591149
-35.25087850561202
-36.70509229252761
-38.042723539563895
-39.22082078466006
-39.86509271557203
-40.39891802975623
-40.77934526515187
-41.098413269032086
-41.307034656184534
-41.4174812729123
-41.429753119215384
-41.53406381279161
-41.25794727097219
-41.05546180697129
-40.76093749569724
-40.45414133812012
-39.99394710175442
-39.5153450959341
-38.858801318719046
-37.52117007168277
-36.10990774682798
-35.06680081106574
-34.08505310681893
-33.2014801729968
-32.23814023820462
-31.053907069956907
-29.83899428595148
-27.2619065623036
-26.175848164480566
-25.169556767627586
-24.02827506144067
-22.50043019670657
-20.868274638396247
-19.684041470148532
-18.86796369099337
-17.849400447837304
-16.530176970255653
-14.916429181399959
-13.394720239817403
-12.2411666873274
-11.271690829383676
-10.06291396852979
-8.952311878100586
-7.798758325610584
-6.909049468636912
-6.123651305239463
-5.546874528994461
-4.902602598082493
-4.209243281958183
-3.546563581591586
-2.920699420134244
-2.417553721707754
-1.9512235621905192
-1.5217089415825398
-1.2210487071569536
-1.0062913968529648
-0.7976700097005178
-0.5829126993965277
-0.47860200582030377
-0.43565054375950574
-0.33747577333482504
-0.3988350048502509
-0.41724277430487877
-0.40497092800179324
-0.38042723539562306
-0.41110685115333556
-0.38042723539562306
-0.40497092800179324
-0.41724277430487877
-0.34974761963791057
-0.36815538909253753
-0.37429131224408074
-0.38042723539562306
-0.4295146206079634
-0.4540583132141336
-0.5154175447295595
-0.546097160487272
-0.58904862254807
-0.6197282383057834
-0.6810874698212084
-0.7056311624273786
-0.6872233929727516
-0.5522330836388152
-0.3988350048502509
-0.27611654181939915
-0.3988350048502509
-0.5338253141841873
-0.6074563920026979
-0.632000084608868
-0.5215534678811018
-0.36815538909253753
-0.3620194659409952
-0.34361169648636736
-0.3190680038801972
-0.294524311274027
-0.2577087723647713
-0.3558835427894529
-0.4233786974564211
-0.5706408530934421
-0.5829126993965277
-0.6688156235181237
-0.6626797003665814
-0.6994952392758362
-0.7301748550335496
-0.5706408530934421
-0.4540583132141336
-0.4540583132141336
-0.4601942363656768
-0.47860200582030377
-0.43565054375950574
-0.43565054375950574
-0.4601942363656768
-0.5092816215780172
-0.4663301595172191
-0.44178646691104895
-0.632000084608868
-0.5767767762449854
-0.5092816215780172
-0.47860200582030377
-0.484737928971847
-0.4970097752749316
-0.4663301595172191
-0.47860200582030377
-0.5092816215780172
-0.4601942363656768
-0.44178646691104895
-0.4540583132141336
-0.47246608266876144
-0.4970097752749316
-0.47246608266876144
-0.47860200582030377
-0.5767767762449854
-0.5951845456996132
-0.5522330836388152
-0.4908738521233893
-0.4540583132141336
-0.4970097752749316
-0.5092816215780172
-0.47860200582030377
-0.3620194659409952
-0.4233786974564211
-0.44178646691104895
-0.4663301595172191
-0.4663301595172191
-0.43565054375950574
-0.4908738521233893
-0.47246608266876144
-0.5031456984264739
-0.43565054375950574
-0.4295146206079634
-0.40497092800179324
-0.4540583132141336
-0.4601942363656768
-0.4908738521233893
-0.4908738521233893
-0.4601942363656768
-0.484737928971847
-0.44792239006259127
-0.47860200582030377
-0.5154175447295595
-0.5031456984264739
-0.484737928971847
-0.5092816215780172
-0.4908738521233893
-0.5092816215780172
-0.5092816215780172
-0.47246608266876144
-0.5092816215780172
-0.47246608266876144
-0.4970097752749316
-0.47246608266876144
-0.47246608266876144
-0.4908738521233893
-0.4908738521233893
-0.4601942363656768
-0.47246608266876144
-0.4908738521233893
-0.4970097752749316
-0.4601942363656768
-0.4970097752749316
-0.4970097752749316
-0.4908738521233893
-0.5031456984264739
-0.44178646691104895
-0.484737928971847
-0.484737928971847
-0.4663301595172191
-0.41724277430487877
-0.4663301595172191
-0.5031456984264739
-0.47860200582030377
-0.47860200582030377
-0.484737928971847
-0.5031456984264739
-0.47860200582030377
-0.4663301595172191
-0.4908738521233893
-0.4663301595172191
-0.44792239006259127
-0.44178646691104895
-0.4663301595172191
-0.47246608266876144
-0.43565054375950574
-0.4601942363656768
-0.4663301595172191
-0.4663301595172191
-0.4295146206079634
