1.6497302901447508
1.6508003705405156
1.6510358425481044
1.6501296569909916
1.651077502321914
1.652722326859643
1.6536745491285791
1.653424568228755
1.654335477431786
1.6538391712352756
1.6541952582799633
1.6556114294811526
1.6566748347305955
1.656797463279039
1.6575249380112584
1.6570748135134699
1.6571177005174615
1.657943679505442
1.6561647807237168
1.6573121825926984
1.6573765311086754
1.6569188665900432
1.6577284859290664
1.6582185973251666
1.6574842174164133
1.6581391803623515
1.658783982240729
1.657666049739221
1.6581031887629205
1.6579592490244768
1.6572420065003513
1.658270587191728
1.6579025813975006
1.6576324518581529
1.6581760960517777
1.6580716339849526
1.658387519153052
1.6573891070452416
1.6580817352213908
1.6574109605188752
1.657903364253582
1.6587486870107253
1.6576956808574685
1.6584324177562473
1.6569708305239872
1.6582638478737288
1.6577970218553766
1.6577413219404962
1.6589063743811936
1.6582207206749682
1.6587619803621592
1.6583316920964841
1.6583544038521332
1.6577638451488204
1.657562611506019
1.6588618748967552
1.6574999171930087
1.6584772192174688
1.6583123741359884
1.6584931709830402
1.6592647972593983
1.658317037195341
1.6581179764156957
1.658908346636916
1.6574494952049947
1.6581639016780405
1.658352018223084
1.6573094500762133
1.65822287912131
1.6583082535861162
1.6571413296688229
1.6589142915920192
1.6583641797264417
1.6584552986422487
1.6591692312883595
1.6589536851940991
1.6589767276061542
1.6571196988080026
1.6567911329578269
1.6584108252139953
1.6577133482199349
1.6589294006843234
1.658060883039727
1.658427705852202
1.6584899310591152
1.6579709405986685
1.6580120465559756
1.658333471871294
1.6581861358270427
1.6582890386187688
1.6574334163836337
1.6585550622144267
1.6590652632864198
1.6584157818428846
1.6578198464456932
1.6576989213903421
1.6579027383398146
1.6576586618943032
1.6578671464990007
1.6568061674941204
1.6582563363799638
1.657666021503971
1.6581794908079042
1.6584526940296431
1.6582886415820182
1.6574639541691356
1.6577500018514781
1.6570717101554688
1.657704216865465
1.6572402390168555
1.6571028286726346
1.6570992529472448
1.65804628476872
1.6585172421136722
1.657403631831335
1.6575126485709004
1.6582176794498846
1.6580325240904539
1.6584035742446563
1.6575477351286463
1.6578056824766794
1.6576443306647017
1.6581506205804921
1.6586459734268544
1.6573627639724842
1.6566419004066675
1.6572830201962532
1.6556045920192222
1.6579970156109507
1.6581614233510522
1.65863424624359
1.6570191479716825
1.6570015795137307
1.6576464218456504
1.6573084095701471
1.656220234637764
1.6562202714609973
1.656473129741763
1.6570493782444493
1.6561135086028402
1.6570869886182407
1.657167428041291
1.6566393745248569
1.6576262718443717
1.656449093402462
1.6566846987729718
1.6562348209341642
1.6571778313015484
1.6556197873646121
1.6556516626770093
1.6568760165262413
1.6552899954481686
1.6558690173332327
1.6565669427852898
1.6556052931765608
1.6562352392172472
1.6567456562592084
1.656215833201925
1.6559629879988829
1.6569976863025246
1.657707667397392
1.655903613477211
1.6568503322058328
1.6556728593743484
1.6539934913026608
1.6470993444088278
1.644059855899983
1.6412842996370238
1.637894476868479
1.6355426036025538
1.6388454471062892
1.6418085917851455
1.6386819749642278
1.6365393009934353
1.6384200588343663
1.6332055665014509
1.6358733736192435
1.6312639204198927
1.6313128592612838
1.6248097412873257
1.6261839077612914
1.6194606335536292
1.620486175086917
1.6191886687325263
1.6204520380576621
1.610544346238643
1.606551302819501
1.6023956378138053
1.5988842808330899
1.5950906465717702
1.5790088253729435
1.572746094090496
1.5606654790068897
1.5523211568759807
1.5319913247123076
1.5197742738649236
1.5068853363808596
1.4919617806394747
1.479172833381962
1.4636683415552763
1.4467701284347199
1.432513954293553
1.4161561728480339
1.3787479704926269
1.3653218572891312
1.3386387671229139
1.3200582774048912
1.287177679161112
1.2711042129368975
1.254289843624764
1.236017826434906
1.2196945768109069
1.203780118805666
1.1869694176757706
1.169957688559576
1.1587491592701766
1.1279461506614525
1.111818896933758
1.0971133731317162
1.084612458640801
1.0596559388856939
1.0479246783141423
1.0376084429332788
1.029069879312175
1.0201944988899783
1.0106036801865823
1.0021531247562638
0.9955076248452756
0.9910268138566108
0.9848357509971204
0.9827711670754746
0.9823172366106048
0.9828177010963274
0.9883342286520207
0.992956441188778
0.9982239277046876
1.0041742330105703
1.011289575784029
1.0188729203228217
1.0386346423756534
1.0492482603624362
1.0588456801086632
1.069614299006312
1.082472559605696
1.0990057061625509
1.1157915496403257
1.1473615240262032
1.1644164294687787
1.1807039310372631
1.1974146730742072
1.2129058116273266
1.228904684863635
1.2460149750276308
1.2638128165568072
1.2770770860381238
1.309477438355137
1.3249975257836628
1.3432546975199595
1.3604194343151803
1.395710207764114
1.415642022217606
1.4366338418052174
1.453235006584759
1.471305608210525
1.489908082311438
1.5339077228839562
1.5489999170889568
1.5630113192188706
1.5803925878449454
1.5953980332961757
1.612249455385641
1.6276251966344581
1.656623666302347
1.670781940715124
1.6863879785659024
1.7019222950417532
1.7177992503507233
1.7343268455330443
1.7688691277445887
1.78543468323466
1.8022803549424533
1.8201947159873255
1.8388288994716087
1.8538921275295746
1.8713303601341906
1.9028885046217423
1.9161274586094237
1.9311574628004504
1.9462135907055895
1.9620041008328184
1.974649920437555
2.005679595002078
2.021170579580574
2.0354566805149172
2.0494531775566602
2.0665157667845486
2.081009431915232
2.0958296547230413
2.12223199950274
2.140000966073894
2.158155037952969
2.1782608333962648
2.191157180994715
2.1959667820981976
2.2112315763577164
2.219465609053705
2.226226616504498
2.230343531055156
2.2380107798442106
2.2413637441452154
2.245102566745002
2.2427508189062624
2.2388277277072834
2.2316858870544634
2.226340974493073
2.2161281611830144
2.2035708540831975
2.181585439883351
2.17218444700235
2.1587731780725266
2.1387419166133137
2.1275781446270274
2.1129857848431004
2.0979695836430845
2.0644278480986142
2.0481148185029507
2.0184225187324207
1.9982514802500497
1.98372375974169
1.9685316981763854
1.9562675150968076
1.938381796995402
1.9284790441650266
1.9173753190083371
1.9057449454490036
1.898465766702965
1.8857917495929646
1.8613935849655743
1.8505028984878462
1.8313938590168561
1.8178924577741724
1.806742730586176
1.7948666360891794
1.7705072429037987
1.7522153624049859
1.7529989632304086
1.7273959616374621
1.7364720856766969
1.718875582392975
1.7138827819874314
1.7010359041818979
1.6917315737878202
1.682505923961098
1.6821955157725244
1.6769440995107936
1.6724352084224667
1.6680551933353982
1.6716263620558116
1.6580171803224566
1.660921258630522
1.6609005560673478
1.654850059105673
1.6616268326769044
1.6520966048543146
1.651695884763076
1.6530748885466684
1.6526390283926962
1.6507792888283632
1.6500348921941137
1.6523456892236106
1.654494681138036
1.651653317458415
1.650700536485022
1.6489900012050613
1.6490137932839706
1.6495585104180497
1.6512574569672582
1.6529008749129026
1.653353512104952
1.6530524741563666
1.6507258825230342
1.6493124132187753
1.6489967746670502
1.6509741820122545
1.6521392079708563
1.6515310838444166
1.6502137838394915
1.6505336938305037
1.649097714131551
1.6504358251847588
1.6500688006249515
1.6507558960537592
1.6493775133738773
1.6490743697679104
1.6493040330529256
1.649097079697437
1.6493848249361556
1.6495453169178267
1.6493028811162147
1.6492605447593758
1.6492460316359103
1.649135373069478
1.6492195766438071
1.649329159586411
1.6492287498552805
1.6492320190403948
1.6495369568295886
1.6492334693238366
1.6491917323047596
1.649048177469962
1.6491292866597493
1.6492662363549884
1.6493942329416011
1.6494139447674239
1.6494180046834472
1.648928338682774
1.6492137564880052
1.6492902386978203
1.6491088197695827
1.6492748246658429
1.6492222533068261
1.6491754301426995
1.6496823951972206
1.6493960323156593
1.649259609646492
1.6489041384215608
1.649485924415187
1.6493191925056006
1.6489077001760155
1.6493333030753636
1.6495191780896772
1.649510895196433
1.6493446739756603
1.6490045479679565
1.6497817550693021
1.6493026859430142
1.6495441745752397
1.649356798727792
1.649284290038709
1.6488790931540567
1.6497563453365551
1.6492701360265458
1.6494782173416302
1.649204080535499
1.6491458724128738
1.6493342326495672
1.6494690981694
1.6497354363537364
1.6495988788032876
1.649294883106204
1.6491475748978741
1.6498952146819286
1.6493282618598846
1.6499004498297947
1.649273215531541
1.6492775469871679
1.6492455353142668
1.6491958184522377
1.6498702267059928
1.6494359280793705
1.6497505502972114
1.6492595595891444
1.6488737254019015
1.6493835064030709
1.6489805147969205
1.6491468926821056
1.649448229638988
1.6494068434311673
1.6488928006312307
1.6496113138432258
1.6489616240906975
1.6489608850509325
1.6489065461854922
1.6495192989115832
1.6494556734445023
1.6492633810577473
1.6492701344271081
1.6492079914302653
1.6494401607218914
1.6492612975401788
1.6490930843712455
1.6491959910868712
1.6496716272988592
1.6493036181820484
1.6491104443804112
1.6493560704670758
1.649132197576231
1.649436282014648
1.6494290623598937
1.6490374312533451
1.6492525226323833
1.6493532677423888
1.6493159228618177
1.649177472304742
