5.829126993965437
5.798447378207723
5.810719224510809
5.8045833013592665
5.810719224510809
5.798447378207723
5.816855147662351
5.810719224510809
5.786175531904639
5.816855147662351
5.7616318392984684
5.786175531904639
5.841398840268521
5.822991070813893
5.8045833013592665
5.8045833013592665
5.8045833013592665
5.822991070813893
5.798447378207723
5.773903685601553
5.773903685601553
5.798447378207723
5.841398840268521
5.798447378207723
5.8045833013592665
5.829126993965437
5.822991070813893
5.859806609723149
5.792311455056181
5.822991070813893
5.792311455056181
5.822991070813893
5.767767762450011
5.816855147662351
5.780039608753096
5.853670686571607
5.878214379177777
5.872078456026235
5.810719224510809
5.773903685601553
5.810719224510809
5.786175531904639
5.798447378207723
5.798447378207723
5.792311455056181
5.810719224510809
5.810719224510809
5.786175531904639
5.8475347634200645
5.798447378207723
5.743224069843841
5.71868037723767
5.71868037723767
5.749359992995383
5.712544454086128
5.730952223540755
5.755495916146925
5.786175531904639
5.767767762450011
5.841398840268521
5.798447378207723
5.798447378207723
5.773903685601553
5.773903685601553
5.792311455056181
5.7616318392984684
5.810719224510809
5.780039608753096
5.767767762450011
5.773903685601553
5.792311455056181
5.859806609723149
5.835262917116979
5.822991070813893
5.835262917116979
5.859806609723149
5.829126993965437
5.853670686571607
5.816855147662351
5.835262917116979
5.8659425328746915
5.835262917116979
5.859806609723149
5.822991070813893
5.792311455056181
5.780039608753096
5.8045833013592665
5.829126993965437
5.7616318392984684
5.767767762450011
5.786175531904639
5.700272607783043
5.712544454086128
5.724816300389213
5.71868037723767
5.712544454086128
5.706408530934585
5.724816300389213
5.712544454086128
5.810719224510809
5.7616318392984684
5.810719224510809
5.792311455056181
5.841398840268521
5.835262917116979
5.859806609723149
5.945709533844745
5.872078456026235
5.853670686571607
5.835262917116979
5.822991070813893
5.755495916146925
5.798447378207723
5.829126993965437
5.829126993965437
5.859806609723149
5.872078456026235
5.841398840268521
5.859806609723149
5.8475347634200645
5.816855147662351
5.8475347634200645
5.816855147662351
5.792311455056181
5.749359992995383
5.602097837358362
5.755495916146925
5.878214379177777
5.902758071783947
5.93343768754166
5.896622148632405
5.872078456026235
5.816855147662351
5.829126993965437
5.93343768754166
6.019340611663256
6.031612457966341
6.019340611663256
6.000932842208628
5.970253226450915
5.767767762450011
5.6941366846315
5.5284667595398505
5.50392306693368
5.553010452146021
5.497787143782138
5.47937937432751
5.473243451175968
5.553010452146021
5.608233760509904
5.730952223540755
5.786175531904639
5.822991070813893
5.872078456026235
5.970253226450915
6.043884304269426
6.080699843178682
6.0991076126333095
6.154330920997192
6.154330920997192
6.2034183062095325
6.252505691421874
0.02454369260617026
0.0
0.0674951546669682
0.0859029241215959
0.15339807878856412
0.20248546400090464
0.2945243112740431
0.3190680038802134
0.3374757733348411
0.36815538909255385
0.39269908169872414
0.4540583132141498
0.5276893910326605
0.6320000846088841
0.7853981633974483
0.8835729338221293
0.9326603190344698
0.9940195505498954
1.0492428589137786
1.1474176293384597
1.239456476611598
1.3192234775816514
1.4787574795217582
1.6260196351587797
1.7855536370988863
2.012582793705961
2.3071071049800045
2.60776733940559
3.043417883165112
3.5465635815916023
4.1172044346850605
4.81056375080937
5.534602682691394
0.1043106935762236
0.8406214717613314
1.5707963267948966
2.405281875404685
3.442252888015379
4.589670517353839
5.8045833013592665
0.6381360077604268
1.736466251886546
2.730485802436441
3.865631585471816
5.111223985234957
0.06135923151542565
1.0369710126106935
1.9634954084936207
2.890019804376548
3.767456815047135
4.841243366567084
6.135923151542564
0.9694758579437253
1.9144080232812801
2.804116880254952
3.436116964863836
4.454680208019902
5.368932757599744
6.22182607566416
0.6504078540635119
1.2701360923693108
1.8100973297050567
2.325514874434632
2.7120780329818137
3.0372819600135696
3.3318062712876126
3.5465635815916023
3.663146121470911
3.706097583531709
3.6754179677739964
3.56497135104623
3.399301425954581
3.2090878082567613
2.945243112740431
2.6568547246179306
2.3623304133438876
1.9819031779482483
1.607611865704152
1.1167380135807468
0.5092816215780329
6.105243535784852
5.190990986205009
4.2031073588066565
3.393165502803038
2.564815877344792
1.5707963267948966
0.3313398501832985
5.056000676871073
3.6999616603801666
2.497320722677824
1.4910293258248433
0.5154175447295755
5.915029918087033
4.871922982324796
3.773592738198677
2.6323110320117604
1.3437671701878218
0.07976700097005335
5.049864753719531
3.7122335066832517
2.5709518004963345
1.5278448647340985
0.5276893910326605
5.743224069843841
4.417864669110647
3.2397674240144743
2.12916533358527
1.2885438618239387
0.5706408530934585
6.105243535784852
5.098952138931871
4.086524818927348
2.9820586516496865
1.932815792735908
1.0921943209745766
0.36815538909255385
5.8045833013592665
4.914874444385594
3.902447124381071
2.8838838812250054
1.8407769454627694
0.9081166264282996
6.19728238305799
4.865787059173254
3.56497135104623
2.435961491162398
1.521708941582556
0.7853981633974483
6.105243535784852
5.049864753719531
4.031301510563465
2.9636508821950587
2.1230294104337273
1.3928545554001621
0.7976700097005334
0.1349903093339364
5.6143696836614465
4.706253057233147
3.736777199289422
2.834796496012665
2.061670178918302
1.4542137869155878
0.9203884727313847
0.4970097752749477
0.0
5.890486225480862
5.730952223540755
5.436427912266712
5.497787143782138
5.786175531904639
5.994796919057086
0.0859029241215959
0.5706408530934585
1.0369710126106935
1.5953400194010667
2.1353012567368124
2.8961557275280905
3.8410878928656453
5.043728830567988
5.964117303299373
0.5276893910326605
1.368310862793992
2.405281875404685
3.6324665057131984
4.841243366567084
6.14819499784565
0.803805932852076
1.5401167110371838
2.3746022596469727
3.3747577333484107
4.3933209765044765
5.546874528994478
0.1718058482431918
0.9878836273983529
1.6935147898257479
2.5341362615870793
3.368621810196868
4.28287435977671
5.111223985234957
5.810719224510809
0.11658253987930872
0.5767767762450011
0.9817477042468103
1.3437671701878218
1.7671458676442586
2.2150682577068657
2.6568547246179306
3.104777114680538
3.6079228131070282
3.9576704327449543
4.295146206079795
4.509903516383785
4.675573441475434
4.957825906446392
5.037592907416445
5.141903600992669
5.246214294568893
5.301437602932776
5.270757987175063
5.307573526084319
5.393476450205914
5.405748296509
5.424156065963627
5.381204603902829
5.411884219660542
5.460971604872882
5.485515297479052
5.4671075280244255
5.522330836388308
5.534602682691394
5.553010452146021
5.5284667595398505
5.522330836388308
5.491651220630596
5.47937937432751
5.491651220630596
5.4671075280244255
5.516194913236766
5.516194913236766
5.559146375297564
5.688000761479957
5.780039608753096
5.93343768754166
6.025476534814799
5.982525072754001
5.93343768754166
5.8475347634200645
5.743224069843841
5.706408530934585
5.675728915176872
5.632777453116074
5.663457068873787
5.822991070813893
5.7616318392984684
5.816855147662351
5.8659425328746915
5.896622148632405
5.8475347634200645
5.780039608753096
5.6143696836614465
5.632777453116074
5.589825991055276
5.706408530934585
5.786175531904639
5.737088146692298
5.66959299202533
5.724816300389213
5.712544454086128
5.688000761479957
5.743224069843841
5.773903685601553
5.780039608753096
5.8475347634200645
5.829126993965437
5.743224069843841
5.730952223540755
5.7616318392984684
5.767767762450011
5.7616318392984684
5.724816300389213
5.773903685601553
5.724816300389213
5.816855147662351
5.835262917116979
5.737088146692298
5.780039608753096
5.773903685601553
5.780039608753096
5.798447378207723
5.71868037723767
5.663457068873787
5.620505606812989
5.6573211457222445
5.688000761479957
5.71868037723767
5.737088146692298
5.730952223540755
5.7616318392984684
5.816855147662351
5.780039608753096
5.724816300389213
5.71868037723767
5.6941366846315
5.780039608753096
5.786175531904639
5.792311455056181
5.829126993965437
5.8045833013592665
5.71868037723767
5.700272607783043
5.8045833013592665
5.712544454086128
5.681864838328415
5.71868037723767
5.780039608753096
5.706408530934585
5.743224069843841
5.737088146692298
5.71868037723767
5.724816300389213
5.706408530934585
5.66959299202533
5.663457068873787
5.681864838328415
5.71868037723767
5.724816300389213
5.743224069843841
5.688000761479957
5.688000761479957
5.700272607783043
5.6941366846315
5.675728915176872
5.724816300389213
5.730952223540755
5.6573211457222445
5.66959299202533
5.773903685601553
5.737088146692298
5.706408530934585
5.773903685601553
5.663457068873787
5.724816300389213
5.749359992995383
5.712544454086128
5.71868037723767
5.7616318392984684
5.712544454086128
5.724816300389213
5.798447378207723
5.724816300389213
5.780039608753096
