5.829126993965437
5.798447378207724
5.81071922451081
5.804583301359267
5.81071922451081
5.798447378207724
5.816855147662351
5.81071922451081
5.7861755319046395
5.816855147662353
5.761631839298471
5.786175531904641
5.841398840268524
5.822991070813895
5.804583301359267
5.804583301359268
5.804583301359268
5.822991070813894
5.798447378207724
5.773903685601554
5.773903685601553
5.798447378207722
5.84139884026852
5.798447378207722
5.804583301359265
5.829126993965434
5.82299107081389
5.859806609723146
5.792311455056177
5.82299107081389
5.792311455056177
5.82299107081389
5.767767762450008
5.816855147662348
5.780039608753094
5.853670686571604
5.878214379177774
5.872078456026232
5.810719224510806
5.7739036856015495
5.810719224510805
5.786175531904636
5.79844737820772
5.79844737820772
5.792311455056178
5.810719224510807
5.810719224510807
5.786175531904636
5.847534763420062
5.798447378207721
5.743224069843838
5.718680377237668
5.718680377237669
5.749359992995381
5.712544454086125
5.730952223540752
5.755495916146923
5.786175531904636
5.767767762450007
5.841398840268517
5.798447378207719
5.798447378207718
5.773903685601549
5.7739036856015495
5.792311455056177
5.761631839298465
5.810719224510805
5.780039608753093
5.767767762450006
5.773903685601549
5.792311455056176
5.859806609723144
5.835262917116973
5.822991070813887
5.835262917116973
5.859806609723143
5.8291269939654295
5.853670686571599
5.816855147662342
5.83526291711697
5.865942532874683
5.83526291711697
5.859806609723139
5.822991070813883
5.79231145505617
5.780039608753086
5.804583301359255
5.829126993965425
5.761631839298458
5.767767762450001
5.786175531904628
5.700272607783032
5.7125444540861166
5.7248163003892
5.718680377237659
5.7125444540861166
5.706408530934574
5.724816300389202
5.712544454086117
5.810719224510798
5.761631839298458
5.810719224510798
5.79231145505617
5.841398840268511
5.835262917116967
5.859806609723138
5.945709533844733
5.872078456026223
5.853670686571596
5.835262917116968
5.822991070813884
5.755495916146915
5.7984473782077135
5.829126993965427
5.829126993965426
5.8598066097231385
5.872078456026225
5.8413988402685115
5.85980660972314
5.847534763420056
5.816855147662341
5.847534763420055
5.816855147662341
5.792311455056171
5.749359992995373
5.602097837358351
5.7554959161469155
5.878214379177768
5.902758071783939
5.933437687541651
5.896622148632395
5.872078456026225
5.8168551476623405
5.829126993965425
5.933437687541648
6.019340611663245
6.03161245796633
6.019340611663244
6.000932842208617
5.970253226450905
5.76776776245
5.6941366846314905
5.528466759539841
5.5039230669336705
5.553010452146012
5.497787143782128
5.479379374327499
5.473243451175958
5.553010452146012
5.608233760509895
5.730952223540747
5.7861755319046315
5.8229910708138855
5.872078456026227
5.9702532264509065
6.043884304269418
6.0806998431786745
6.099107612633302
6.154330920997184
6.154330920997183
6.203418306209524
6.252505691421866
6.307728999785748
6.283185307179578
6.350680461846546
6.369088231301174
6.4365833859681425
6.485670771180483
6.577709618453621
6.602253311059791
6.620661080514419
6.651340696272132
6.675884388878302
6.737243620393727
6.810874698212238
6.915185391788462
7.0685834705770265
7.166758241001707
7.2158456262140485
7.277204857729474
7.332428166093358
7.430602936518039
7.522641783791178
7.602408784761232
7.761942786701338
7.90920494233836
8.068738944278467
8.295768100885542
8.590292412159586
8.89095264658517
9.326603190344692
9.829748888771181
10.40038974186464
11.09374905798895
11.817787989870974
12.67068130793539
13.406992086120496
14.137166941154062
14.97165248976385
16.008623502374544
17.156041131713003
18.37095391571843
19.487691929299178
20.5860221734253
21.580041723975192
22.71518750701057
23.96077990677371
25.194100460233763
26.16971224132903
27.09623663721196
28.022761033094888
28.90019804376547
29.973984595285422
31.2686643802609
32.38540239384165
33.33033455917921
34.220043416152876
34.85204350076176
35.870606743917826
36.78485929349767
37.637752611562085
38.34951969714102
38.96924793544682
39.50920917278257
40.02462671751214
40.411189876059325
40.73639380309108
41.03091811436512
41.24567542466911
41.36225796454842
41.40520942660922
41.374529810851506
41.26408319412374
41.09841326903209
40.90819965133427
40.64435495581794
40.35596656769544
40.0614422564214
39.68101502102576
39.30672370878166
38.815849856658254
38.20839346465554
37.521170071682775
36.60691752210293
35.61903389470458
34.80909203870096
33.980742413242716
32.98672286269282
31.747266386081222
30.18874190558941
28.832702889098506
27.630061951396165
26.623770554543185
25.648158773447918
24.764585839625788
23.721478903863552
22.62314865973743
21.481866953550515
20.193323091726576
18.92932292250881
17.6162353680787
16.27860412104242
15.137322414855504
14.094215479093268
13.094060005391832
12.026409377023427
10.701049976290232
9.52295273119406
8.412350640764856
7.571729169003525
6.853826160273044
6.105243535784851
5.09895213893187
4.086524818927348
2.9820586516496865
1.9328157927359078
1.0921943209745766
0.36815538909255374
-0.47860200582031975
-1.368310862793992
-2.380738182798515
-3.399301425954581
-4.442408361716817
-5.375068680751287
-6.369088231301182
-7.7005835551859185
-9.001399263312942
-10.130409123196774
-11.044661672776616
-11.780972450961723
-12.744312385753906
-13.799691167819226
-14.81825441097529
-15.885905039343697
-16.72652651110503
-17.456701366138592
-18.051885911838223
-18.71456561220482
-19.518371545056894
-20.426488171485193
-21.39596402942892
-22.297944732705677
-23.07107104980004
-23.678527441802753
-24.212352755986956
-24.635731453443395
-25.13274122871834
-25.525440310417068
-25.684974312357177
-25.97949862363122
-25.918139392115794
-25.62975100399329
-25.421129616840844
-25.046838304596747
-24.562100375624883
-24.09577021610765
-23.537401209317274
-22.997439971981528
-22.236585501190252
-21.291653335852697
-20.089012398150352
-19.168623925418967
-18.321866530506092
-17.48124505874476
-16.44427404613407
-15.217089415825555
-14.008312554971669
-12.701360923693102
-11.76256468150709
-11.026253903321981
-10.191768354712194
-9.191612881010755
-8.173049637854689
-7.019496085364687
-6.111379458936387
-5.295301679781226
-4.589670517353831
-3.7490490455924994
-2.9145634969827108
-2.0003109474028684
-1.171961321944622
-0.47246608266876944
0.11658253987931655
0.5767767762450089
0.9817477042468181
1.3437671701878295
1.7671458676442664
2.215068257706873
2.6568547246179386
3.104777114680546
3.6079228131070358
3.957670432744962
4.295146206079803
4.509903516383793
4.675573441475441
4.9578259064464
5.037592907416452
5.141903600992676
5.2462142945689
5.301437602932784
5.27075798717507
5.307573526084326
5.39347645020592
5.405748296509006
5.424156065963633
5.381204603902836
5.411884219660547
5.460971604872888
5.485515297479057
5.46710752802443
5.522330836388313
5.534602682691398
5.553010452146025
5.528466759539855
5.522330836388313
5.491651220630599
5.479379374327513
5.491651220630598
5.467107528024428
5.516194913236769
5.516194913236769
5.5591463752975665
5.688000761479961
5.7800396087531
5.933437687541662
6.0254765348148025
5.982525072754005
5.933437687541664
5.847534763420069
5.743224069843844
5.706408530934588
5.675728915176876
5.632777453116077
5.663457068873789
5.822991070813894
5.7616318392984684
5.81685514766235
5.8659425328746915
5.896622148632406
5.847534763420066
5.780039608753098
5.614369683661447
5.632777453116074
5.589825991055277
5.706408530934587
5.7861755319046395
5.737088146692298
5.66959299202533
5.724816300389214
5.71254445408613
5.688000761479959
5.743224069843842
5.773903685601555
5.780039608753098
5.847534763420066
5.829126993965438
5.743224069843842
5.730952223540758
5.761631839298471
5.767767762450013
5.761631839298471
5.724816300389216
5.773903685601557
5.724816300389216
5.816855147662354
5.8352629171169825
5.737088146692302
5.780039608753099
5.773903685601557
5.7800396087531
5.798447378207726
5.718680377237674
5.66345706887379
5.620505606812993
5.657321145722248
5.688000761479961
5.718680377237673
5.737088146692302
5.730952223540759
5.761631839298473
5.816855147662356
5.780039608753101
5.724816300389218
5.718680377237677
5.6941366846315065
5.780039608753102
5.786175531904643
5.792311455056185
5.82912699396544
5.804583301359271
5.718680377237674
5.700272607783046
5.80458330135927
5.712544454086131
5.681864838328417
5.718680377237672
5.780039608753097
5.706408530934585
5.743224069843841
5.737088146692297
5.71868037723767
5.724816300389212
5.706408530934583
5.669592992025329
5.663457068873785
5.681864838328413
5.718680377237669
5.724816300389212
5.743224069843839
5.688000761479955
5.688000761479955
5.70027260778304
5.694136684631498
5.675728915176871
5.724816300389211
5.730952223540752
5.657321145722242
5.669592992025327
5.77390368560155
5.737088146692296
5.706408530934582
5.7739036856015495
5.663457068873782
5.724816300389208
5.7493599929953785
5.712544454086124
5.718680377237666
5.761631839298464
5.712544454086123
5.724816300389207
5.798447378207717
5.7248163003892065
5.780039608753091
