1.6449674834693564
1.6445596951442454
1.6454851001820507
1.6449700728511174
1.6450858079928818
1.6457389780517488
1.645159565413928
1.645793729268719
1.6451123416451388
1.644830792547258
1.6457017848773172
1.6458325507509812
1.6453575933136733
1.645848004865674
1.6461603283571475
1.645905328401458
1.6459319439281654
1.6458588341936977
1.6458940110790585
1.6463737913405743
1.6459176940579452
1.6460160069118144
1.6457235664860623
1.6454984439851599
1.6456800891814436
1.6459083655600628
1.6463378741566426
1.6458294926785777
1.6459931807361754
1.6459920577733462
1.6461094234321312
1.6461721665475921
1.6454963629658224
1.645582128530957
1.646006258494768
1.6457173330916437
1.6457842000470533
1.6461550461295624
1.6459347511845028
1.645908672626696
1.645751234372391
1.6458480126308483
1.6460440518321304
1.6457221546626215
1.6462372919736843
1.6456014638314471
1.6460031152424968
1.646147173391721
1.6458707013538891
1.6461351889209368
1.6454699413627698
1.6457029346872705
1.6458285010465308
1.6462125681584932
1.6460731403858353
1.6462887480601922
1.6460004878838848
1.6460896407871364
1.646370736515865
1.646071553026424
1.6456052585345566
1.6455953897007047
1.645849969534395
1.6459344209034226
1.6460461205007835
1.6462751956293669
1.6462511156108977
1.6459277103609709
1.646150256772409
1.6461472811765758
1.6456775245320476
1.6454741051485684
1.6454246911375776
1.6458031370793773
1.6465178809559298
1.645813096208084
1.6456393994149052
1.6456667972525472
1.6457484305239052
1.645684457097412
1.6458109901467548
1.6453158197255329
1.6456557745398186
1.6466721991229587
1.6459510081683681
1.645846253879873
1.6457260045952187
1.646231552604407
1.6457662970200808
1.6453036892906958
1.6458984020038205
1.645347849550901
1.6457601466038694
1.6458551451338614
1.6456840626934213
1.645502847057549
1.6458281075170405
1.6455402143947597
1.645551210992267
1.645277734208014
1.6456403811725062
1.645747002648824
1.645884378233429
1.6454317281528539
1.6454522903725208
1.6452622439190103
1.645795052308762
1.645380245206165
1.6457625406092022
1.645830878965926
1.6460435468644996
1.6457151769404417
1.6456667620566132
1.6457483187284516
1.6454115125933086
1.6456149167918437
1.6454457778853693
1.6457334399028056
1.645316614709259
1.6454934248692257
1.645269711492188
1.6460112471170203
1.6459318732384907
1.6454605525681134
1.6454082399454204
1.6457223410911344
1.6454380533537458
1.645474976405157
1.6454368455433646
1.6459463140352908
1.646024387291254
1.645780436704567
1.6459499436550964
1.6453683230769973
1.6458284880608476
1.6442146856989732
1.6438848935520904
1.6452518857038365
1.6460514439041742
1.6484860465192113
1.6519384212209833
1.6512794121860086
1.6522965698350478
1.651837318777375
1.6593847374015895
1.6456753863695548
1.6495316755854337
1.6468674575441349
1.6447100863320496
1.643199424239325
1.6425243013841142
1.6382572632968333
1.6385976438306415
1.6310646296073192
1.6271894824496755
1.6212714114686717
1.617913035128808
1.6122911692790716
1.5964118682372543
1.595341537414772
1.586599430474576
1.5788458630787103
1.5716596529565692
1.5657149469794962
1.5523761530716673
1.5378394205790624
1.53080422130975
1.507280218071714
1.4996062823868748
1.4839755652693747
1.4719113647716862
1.4643825758308089
1.4490562023315003
1.4184430627385043
1.4097392054401137
1.392835996301692
1.3792344077989604
1.3641324305447426
1.3478835593278975
1.332646789021272
1.3179266310501538
1.3105316634436055
1.2766688651053146
1.2649169720476767
1.2510299085795953
1.2371890003453585
1.2111239602181616
1.1999899883287948
1.1854853304898405
1.1749112456521176
1.164815049991378
1.151984369467041
1.1371869767951719
1.1256558788839108
1.1122888908607447
1.0882740543241967
1.0795774111218497
1.0665739287027118
1.0561772744696853
1.043706939821791
1.0335923985438589
1.0230656718512727
1.0032272720189206
0.9934606758991568
0.9840113803088874
0.9764447762139482
0.9688796204293015
0.9621648490194488
0.9518216048261166
0.9489121459629195
0.9458437659705943
0.9445338103757235
0.9445096198018081
0.94642425821555
0.9501014259289706
0.9539213864359384
0.9586742662628941
0.964288963547824
0.9703594624965155
0.9775182885045247
0.9848057128545479
1.0009560392810124
1.010758829435211
1.0199470002559543
1.03236011746551
1.0578831012297136
1.0679132221132814
1.0797066405477862
1.094820946870121
1.1058724418695898
1.1250938760831892
1.1391423789258357
1.1571820662456709
1.176137990052861
1.214041489464819
1.2302202631815358
1.2426308603116738
1.253386059803852
1.2639259133494751
1.2772204860119691
1.2882612770074766
1.3018376625964247
1.3172524839819422
1.33290520133887
1.3487393213276904
1.3809889612516337
1.3962708713416838
1.4101302252532075
1.4237588807779502
1.439670334166296
1.4544904534394787
1.4724638211136982
1.5118356083882851
1.5320168813211221
1.5515880098896
1.5706265617000603
1.5861166883701134
1.6034433508410906
1.6380562997791768
1.6554544012921348
1.6860447190723429
1.7056297315876017
1.7280594314519204
1.7393057631631015
1.7605749948091547
1.7797275146989684
1.7926013476768652
1.8168864553792219
1.8342444989786262
1.8541787390544313
1.8767230142554454
1.9205914726759592
1.9424739477012745
1.9821256616094856
2.0062544348113507
2.0123695882898085
2.037272661686009
2.056264209383382
2.0658348735898002
2.0968297774195124
2.089334382120973
2.1085432991670143
2.1312191559448923
2.145051621304182
2.162188820088008
2.1695574180561428
2.1710286939646757
2.1818076431108935
2.1862883870981413
2.1872134515960777
2.173989115123512
2.1865905475274214
2.172780589059663
2.169627752168369
2.1605997571896762
2.1485346768902462
2.1403927215149348
2.115102551954298
2.098723834575007
2.082967253036643
2.0724432895652494
2.064922137272244
2.041114090459039
2.024551952475517
2.0054552406586867
1.9875537332603839
1.9525421168588324
1.923081698031451
1.9078603360240958
1.8929440371998993
1.871236164781294
1.8565107416453108
1.8417231671231908
1.8135981292185723
1.8184977387973589
1.8004514941257106
1.7728671079975373
1.7772707254522793
1.762151753491801
1.748379868581468
1.733663755519992
1.7233649082114402
1.7031673342914533
1.702380746676531
1.6926654712268177
1.6892834038204292
1.6735598607884021
1.6648719056114796
1.6601754869564602
1.6609489416012786
1.658193886615162
1.6478690662691962
1.647609414901262
1.6534608347542823
1.647134486872476
1.6378794439670956
1.6351105224231706
1.6315643074538095
1.6300307714402467
1.6300486290660232
1.6468081977397777
1.640023610761433
1.649514311583851
1.631159023250552
1.63805061947
1.640488467752699
1.6348530781525288
1.6303715425277836
1.6419344399017997
1.6421234047588984
1.6423203836200955
1.6409941175972962
1.637579106752869
1.6346610032337752
1.6349464900321686
1.6336851903473235
1.6336200861673602
1.6333916266241417
1.6356545872274164
1.6390108835287722
1.6349290294866803
1.6343414691200266
1.634504704176373
1.635307544769699
1.6347698901288246
1.6351287233920722
1.6391992442882133
1.6364727745813148
1.635494882852125
1.637124101720833
1.6374796478367872
1.637458573027187
1.6373767890155388
1.638522173962584
1.6379799844138225
1.6371206914006666
1.6376706146589184
1.6377869921667643
1.6363049841533504
1.6381740662072637
1.6383017508330922
1.6366909866003991
1.6371228538703886
1.6368691140102507
1.6383391357259418
1.6375543473280907
1.6371308258598016
1.637635542133829
1.6364821204576903
1.6373952310631377
1.6370317100367093
1.6380268507557825
1.6381447828432902
1.6367404260368732
1.6375849825739193
1.6374147778507313
1.6375890532749353
1.6386258770727482
1.6375554151330334
1.6385528234719249
1.6381851068646716
1.6378230951718098
1.6374005481728802
1.6387843259289356
1.6380974105704067
1.637912325267602
1.6370217185018872
1.6365060636847646
1.6378402440256163
1.637163977475565
1.6375595895414556
1.6361073902258445
1.6376090674834736
1.6362193938067948
1.638907079790617
1.637912127019162
1.636032003530476
1.637628451609869
1.6372085429908172
1.6375445276762262
1.6392151792872636
1.6368411193561172
1.636869117542571
1.6376151843328062
1.636381581127695
1.638751874081446
1.637881292030246
1.6375930997128783
1.6382071961356612
1.638462185907942
1.6363332947293376
1.6377690554337885
1.6384307309289334
1.6382870183139115
1.639006516348373
1.636619694117529
1.638881167269931
1.6374795854381385
1.6375159030359516
1.6381278719347734
1.638498842313782
1.6382352491500716
1.6363707758402355
1.6379396230643055
1.637362336111898
1.6380006152559161
1.6382927360011525
1.6390457888586367
1.6367169926445684
1.6380285716415648
1.6380845053670001
1.6378768133674153
1.6382839934687765
1.6381109298929135
1.6374709558934826
1.638355389267459
1.636976848551748
1.638929025738966
1.63709817784537
1.6380143215663592
1.6367148630738866
1.6382455211877849
1.638371600777024
1.6374036901038076
1.6381509139848363
1.6368583501297012
1.6371540295009823
1.6378769796880286
1.6364610877006605
1.6388989626900492
1.6370673702305922
1.6389003740156003
1.6380898812641969
1.6395174461873976
1.6374565847805675
1.6373410044858145
1.638034978553397
