2.620039185708675
2.6200391857086753
2.613903262557132
2.6077673394055894
2.6200391857086744
2.6261751088602168
2.632311032011759
2.6507188014663865
2.6261751088602168
2.6261751088602168
2.5218644152839937
2.6752624940725576
2.669126570921015
2.699806186678728
2.6507188014663874
2.6445828783148446
2.632311032011759
2.6323110320117595
2.6261751088602163
2.6139032625571312
2.6261751088602163
2.6445828783148437
2.607767339405588
2.6200391857086736
2.6200391857086736
2.6139032625571303
2.6323110320117578
2.620039185708673
2.6139032625571303
2.6445828783148433
2.6629906477694707
2.6445828783148433
2.6139032625571303
2.6323110320117578
2.620039185708673
2.6384469551633005
2.6507188014663856
2.6752624940725553
2.607767339405587
2.6323110320117573
2.5832236467994165
2.6139032625571295
2.577087723647874
2.583223646799417
2.5709518004963314
2.546408107890161
2.638446955163299
2.5832236467994165
2.601631416254044
2.5954954931025007
2.570951800496331
2.6445828783148415
2.6568547246179266
2.650718801466384
2.705942109830267
2.6445828783148415
2.6507188014663834
2.6507188014663834
2.705942109830266
2.7918450339518626
2.8286605728611183
2.7427576487395227
2.7427576487395227
2.626175108860214
2.6323110320117573
2.656854724617927
2.613903262557129
2.6445828783148424
2.601631416254045
2.6200391857086727
2.650718801466385
2.693670263527183
2.7427576487395235
2.730485802436438
2.7304858024364385
2.724349879284896
2.761165418194152
2.7059421098302687
2.6691265709210135
2.6752624940725553
2.66299064776947
2.6077673394055867
2.5770877236478738
2.5709518004963305
2.5402721847386176
2.4850488763747345
2.503456645829362
2.4973207226778196
2.5341362615870753
2.540272184738617
2.5525440310417027
2.540272184738617
2.52186441528399
2.448233337465479
2.3746022596469682
2.4420974143139365
2.5893595699509584
2.6200391857086713
2.6813984172240968
2.7550294950426077
2.7979809571034053
2.8532042654672884
2.8225246497095764
2.7979809571034053
2.8102528034064904
2.896155727528087
2.90229165067963
2.969786805346599
3.037281960013567
3.1784081924990457
3.2949907323783543
3.3993014259545777
3.368621810196865
3.2643111166206413
3.184544115650588
3.110913037832077
2.994330497952769
2.908427573831173
2.8838838812250027
2.8532042654672902
2.7857091108003225
2.7857091108003225
2.840932419164206
2.8409324191642065
2.7734372644972383
2.785709110800323
2.779573187648781
2.736621725587983
2.7243498792848975
2.7734372644972383
2.7120780329818133
2.7243498792848984
2.7427576487395258
2.736621725587983
2.7918450339518657
2.8409324191642065
2.8225246497095786
2.816388726558036
2.7734372644972374
2.7979809571034076
2.7918450339518652
2.7795731876487797
2.797980957103407
2.810252803406492
2.8041168802549494
2.8286605728611196
2.8102528034064918
2.87774795807346
3.025010113710482
3.1231848841351626
3.221359654559844
3.35634996389378
3.4729325037730887
3.6631461214709082
3.9208548938356955
4.111068511533514
4.350369514443673
4.6510297488692585
4.9885055222040995
5.307573526084314
5.7125444540861245
6.191146459906445
6.7863310056060735
7.491962168033469
8.30190402403709
9.099574033737621
9.878836273983527
10.676506283684061
11.339185984050658
12.01413753072034
12.77499200151162
13.480623163939015
14.204662095821037
15.204817569522474
16.309283736800136
17.32171105680466
18.248235452687588
19.094992847600462
19.776080317421687
20.463303710394452
21.05235233294254
21.715032033309136
22.432935042039617
23.316507975861747
24.26757606435084
25.347498539022332
26.37219770532994
27.176003638182014
27.88777072376095
28.562722270430633
29.206994201342603
29.894217594315364
30.630528372500475
31.440470228504093
32.25041208450771
33.04808209420824
33.85188802706031
34.55138326633617
35.1465678120358
35.82765528185702
36.49647090537516
37.208237990954096
37.95068469229075
38.57654885374809
39.20854893835698
39.742374252541175
40.22711218151304
40.58913164745405
40.93887926709198
41.153636577395964
41.28249096357836
41.33771427194225
41.307034656184534
41.1720443468506
40.92047149763735
40.53390833909017
40.1350733342399
39.68101502102575
39.27604409302394
38.82812170296133
38.41087892865644
37.90773323022995
37.38617976234883
36.73577190828532
36.15899513204032
35.50245135482526
34.876587193367925
34.121868645728185
33.311926789724566
32.465169394811696
31.61227607674728
30.624392449348925
29.63037289879903
28.802023273340787
27.808003722790893
26.912158942665677
26.12676077926823
25.445673309447006
24.654139222898014
23.917828444712907
23.12015843501237
22.261129193796414
21.31619702845886
20.29149786215125
19.475420082996088
18.462992762991565
17.34011882625928
16.19270119692082
14.891885488793795
13.63402124272757
12.511147305995284
11.596894756415441
10.725593668896398
9.657943040527991
8.271224408279371
6.847690237121498
5.448699758569793
3.902447124381067
2.515728492132447
1.3008157081270193
0.2454369260616982
-0.9265243958829315
-1.9450876390389977
-3.1600004230444254
-4.497631670080704
-5.559146375297567
-6.565437772150548
-7.522641783791188
-8.590292412159595
-9.927923659195873
-11.228739367322897
-12.462059920782952
-13.621749396424498
-14.732351486853702
-16.247924505284715
-17.806448985776527
-18.849555921538762
-19.776080317421687
-20.61670178918302
-21.5800417239752
-22.74586712276829
-23.838061443742863
-24.721634377564992
-25.384314077931588
-25.709518004963343
-25.9917704699343
-26.218799626541376
-26.329246243269143
-26.427421013693824
-26.46423655260308
-26.458100629451536
-26.366061782178395
-26.24334331914754
-26.053129701449723
-25.746333543872595
-25.316818923264613
-24.69095476180727
-23.66625559549966
-22.377711733675724
-21.14439118021567
-20.254682323242
-19.475420082996095
-18.555031610264713
-17.16217705486455
-15.401167110371834
-14.29056501994263
-13.388584316665874
-12.547962844904543
-11.603030679566988
-10.57833151325938
-9.394098345011665
-8.510525411189535
-7.743535017246715
-7.031767931667777
-6.381360077604265
-5.608233760509902
-4.69398121093006
-3.3502140407422383
-2.153709026191438
-1.0431069357622333
-0.2577087723647846
0.32520392703175816
0.8406214717613336
1.196505014550802
1.5707963267948986
1.889864330675112
2.178252718797612
2.4175537217077725
2.607767339405592
2.7734372644972414
2.902291650679635
3.0127382674074012
3.1661363461959646
3.2765829629237304
3.3256703481360708
3.331806271287613
3.319534424984528
3.2949907323783583
3.270447039772188
3.2888548092268155
3.3133985018329857
3.294990732378358
3.3011266555299006
3.3256703481360708
3.1968159619536767
3.215223731408305
3.1661363461959646
3.20295188510522
3.1600004230444223
3.1109130378320815
3.1600004230444223
3.1784081924990497
3.15386449989288
3.1477285767413377
3.1415926535897953
3.1538644998928804
3.1415926535897953
3.1293208072867102
3.1047771146805396
3.0372819600135714
3.0372819600135714
3.0372819600135714
2.93910718958889
2.8961557275280914
2.969786805346602
3.067961575771283
3.1477285767413368
3.153864499892879
3.2643111166206453
3.319534424984529
3.3870295796514975
3.313398501832986
3.172272269347508
2.98819457480123
2.8409324191642087
2.920699420134262
2.9022916506796346
2.96365088219506
3.209087808256762
3.4054373491061245
3.5956509668039436
3.6570101983193695
3.6754179677739973
3.601786889955487
3.6079228131070296
3.663146121470912
3.70609758353171
3.6815538909255396
3.7797286613502212
3.908583047532615
3.877903431774903
3.7858645845017636
3.6324665057131997
3.601786889955487
3.6938257372286256
3.742913122440967
3.626330582561658
3.515883965833891
3.509748042682349
3.577243197349317
3.558835427894689
3.429981041712295
3.3440781175906995
3.307262578681444
3.2213596545598473
3.196815961953677
3.2520392703175607
3.331806271287614
3.3686218101968692
3.4299810417122947
3.3440781175906986
3.3440781175906986
3.368621810196869
3.4422528880153793
3.4545247343184644
3.497476196379263
3.479068426924635
3.4483888111669216
3.423845118560751
3.448388811166921
3.4545247343184635
3.4422528880153784
3.4361169648638357
3.4606606574700054
3.472932503773091
3.4238451185607497
3.3931655028030367
3.350214040742239
3.3870295796514944
3.405437349106122
3.3931655028030363
3.350214040742239
3.3686218101968666
3.350214040742239
3.3624858870453243
3.368621810196867
3.3993014259545804
3.405437349106123
3.35021404074224
3.362485887045325
3.3440781175906977
3.3440781175906977
3.3563499638937824
3.313398501832985
3.294990732378358
3.3624858870453256
3.368621810196868
3.3440781175906977
3.417709195409209
3.3686218101968683
3.4054373491061236
3.3624858870453256
3.3624858870453256
3.350214040742241
3.337942194439156
3.374757733348411
3.344078117590698
3.3195344249845284
3.3379421944391563
3.3624858870453265
3.350214040742241
3.319534424984528
3.3440781175906986
3.350214040742241
3.3318062712876135
3.344078117590698
3.3195344249845284
3.374757733348411
3.337942194439156
3.350214040742241
3.3318062712876135
3.344078117590698
3.3993014259545813
3.3072625786814425
3.362485887045325
3.3563499638937824
