2.6200391857086753
2.6200391857086753
2.6139032625571326
2.60776733940559
2.6200391857086753
2.6261751088602177
2.6323110320117604
2.650718801466388
2.6261751088602177
2.6261751088602177
2.521864415283994
2.675262494072558
2.6691265709210157
2.6998061866787286
2.650718801466388
2.6445828783148455
2.6323110320117604
2.6323110320117604
2.6261751088602177
2.6139032625571326
2.6261751088602177
2.6445828783148455
2.60776733940559
2.6200391857086753
2.6200391857086753
2.6139032625571326
2.6323110320117604
2.6200391857086753
2.6139032625571326
2.6445828783148455
2.662990647769473
2.6445828783148455
2.6139032625571326
2.6323110320117604
2.6200391857086753
2.6384469551633027
2.650718801466388
2.675262494072558
2.60776733940559
2.6323110320117604
2.5832236467994196
2.6139032625571326
2.5770877236478773
2.5832236467994196
2.5709518004963345
2.5464081078901644
2.6384469551633027
2.5832236467994196
2.6016314162540475
2.5954954931025047
2.5709518004963345
2.6445828783148455
2.6568547246179306
2.650718801466388
2.705942109830271
2.6445828783148455
2.650718801466388
2.650718801466388
2.705942109830271
2.791845033951867
2.8286605728611223
2.742757648739526
2.742757648739526
2.6261751088602177
2.6323110320117604
2.6568547246179306
2.6139032625571326
2.6445828783148455
2.6016314162540475
2.6200391857086753
2.650718801466388
2.693670263527186
2.742757648739526
2.730485802436441
2.730485802436441
2.724349879284899
2.761165418194154
2.705942109830271
2.6691265709210157
2.675262494072558
2.662990647769473
2.60776733940559
2.5770877236478773
2.5709518004963345
2.5402721847386216
2.4850488763747385
2.5034566458293663
2.497320722677824
2.5341362615870793
2.5402721847386216
2.552544031041707
2.5402721847386216
2.521864415283994
2.448233337465483
2.3746022596469727
2.442097414313941
2.5893595699509624
2.6200391857086753
2.6813984172241008
2.7550294950426117
2.7979809571034093
2.8532042654672924
2.82252464970958
2.7979809571034093
2.8102528034064944
2.8961557275280905
2.9022916506796332
2.9697868053466014
3.0372819600135696
3.1784081924990484
3.2949907323783574
3.399301425954581
3.368621810196868
3.2643111166206444
3.184544115650591
3.11091303783208
2.9943304979527716
2.9084275738311756
2.8838838812250054
2.8532042654672924
2.7857091108003242
2.7857091108003242
2.8409324191642074
2.8409324191642074
2.773437264497239
2.7857091108003242
2.779573187648782
2.736621725587984
2.724349879284899
2.773437264497239
2.7120780329818137
2.724349879284899
2.742757648739526
2.736621725587984
2.791845033951867
2.8409324191642074
2.82252464970958
2.816388726558037
2.773437264497239
2.7979809571034093
2.791845033951867
2.779573187648782
2.7979809571034093
2.8102528034064944
2.804116880254952
2.8286605728611223
2.8102528034064944
2.8777479580734626
3.0250101137104846
3.1231848841351653
3.2213596545598464
3.356349963893783
3.472932503773092
3.663146121470911
3.9208548938356986
4.111068511533518
4.3503695144436785
4.651029748869264
4.988505522204105
5.307573526084319
5.712544454086128
6.191146459906448
0.5031456984264903
1.2087768608538851
2.018718716857504
2.816388726558037
3.5956509668039427
4.3933209765044765
5.056000676871073
5.730952223540755
0.2086213871524472
0.9142525495798421
1.6382914814618648
2.6384469551633027
3.7429131224409646
4.755340442445488
5.681864838328415
0.2454369260617026
0.9265243958829272
1.6137477888556946
2.2027964114037806
2.8654761117703775
3.5833791205008576
4.466952054322987
5.418020142812084
0.21475731030398976
1.239456476611598
2.043262409463674
2.7550294950426117
3.429981041712294
4.074252972624263
4.76147636559703
5.497787143782138
0.02454369260617026
0.8344855486097889
1.6321555583103222
2.435961491162398
3.1354567304382504
3.730641276137879
4.411728745959104
5.080544369477243
5.792311455056181
0.25157284921324513
0.8774370106705868
1.509437095279471
2.043262409463674
2.5280003384355365
2.890019804376548
3.2397674240144743
3.454524734318464
3.5833791205008576
3.6386024288647407
3.6079228131070282
3.472932503773092
3.2213596545598464
2.834796496012665
2.435961491162398
1.9819031779482483
1.576932249946439
1.1290098598838318
0.7117670855789375
0.2086213871524472
5.970253226450915
5.3198453723874035
4.743068596142402
4.086524818927348
3.4606606574700063
2.705942109830271
1.8960002538266525
1.0492428589137786
0.19634954084936207
5.491651220630596
4.4976316700806995
3.6692820446224537
2.675262494072558
1.7794177139473437
0.9940195505498954
0.3129320807286708
5.8045833013592665
5.0682725231741586
4.270602513473625
3.411573272257666
2.466641106920111
1.4419419406125027
0.6258641614573416
5.896622148632405
4.773748211900116
3.6263305825616556
2.325514874434632
1.0676506283684062
6.227961998815704
5.313709449235861
4.442408361716817
3.3747577333484107
1.9880391010997909
0.5645049299419159
5.448699758569798
3.902447124381071
2.5157284921324514
1.3008157081270237
0.2454369260617026
5.356660911296659
4.338097668140593
3.1231848841351653
1.7855536370988863
0.7240389318820226
6.000932842208628
5.043728830567988
3.9760782021995817
2.6384469551633027
1.337631247036279
0.1043106935762236
5.227806525114265
4.1172044346850605
2.6016314162540475
1.043106935762236
0.0
5.356660911296659
4.516039439535327
3.552699504743145
2.386874105950058
1.2946797849754812
0.4111068511533518
6.031612457966341
5.706408530934585
5.424156065963627
5.197126909356553
5.086680292628786
4.988505522204105
4.95168998329485
4.957825906446392
5.049864753719531
5.1725832167503825
5.3627968344482015
5.66959299202533
6.0991076126333095
0.44178646691106466
1.4664856332186729
2.7550294950426117
3.988350048502667
4.878058905476339
5.6573211457222445
0.2945243112740431
1.6873788666742053
3.448388811166921
4.558990901596125
5.460971604872882
0.018407769454627694
0.9633399347921826
1.9880391010997909
3.172272269347506
4.0558452031696355
4.822835597112456
5.534602682691394
6.1850105367549055
0.6749515466696822
1.5892040962495242
2.9329712664373457
4.129476280988146
5.240078371417351
6.025476534814799
0.32520392703175593
0.8406214717613314
1.1965050145508
1.5707963267948966
1.88986433067511
2.1782527187976104
2.4175537217077703
2.60776733940559
2.773437264497239
2.9022916506796332
3.0127382674073995
3.1661363461959633
3.2765829629237295
3.32567034813607
3.3318062712876126
3.3195344249845276
3.2949907323783574
3.2704470397721868
3.2888548092268146
3.313398501832985
3.2949907323783574
3.3011266555298997
3.32567034813607
3.1968159619536762
3.215223731408304
3.1661363461959633
3.2029518851052186
3.160000423044421
3.11091303783208
3.160000423044421
3.1784081924990484
3.153864499892878
3.147728576741336
3.141592653589793
3.153864499892878
3.141592653589793
3.129320807286708
3.104777114680538
3.0372819600135696
3.0372819600135696
3.0372819600135696
2.9391071895888885
2.8961557275280905
2.9697868053466014
3.067961575771282
3.147728576741336
3.153864499892878
3.2643111166206444
3.3195344249845276
3.3870295796514958
3.313398501832985
3.172272269347506
2.988194574801229
2.8409324191642074
2.9206994201342606
2.9022916506796332
2.9636508821950587
3.2090878082567613
3.4054373491061236
3.5956509668039427
3.6570101983193686
3.6754179677739964
3.6017868899554855
3.6079228131070282
3.663146121470911
3.706097583531709
3.6815538909255388
3.77972866135022
3.9085830475326135
3.877903431774901
3.785864584501762
3.6324665057131984
3.6017868899554855
3.693825737228624
3.7429131224409646
3.6263305825616556
3.5158839658338894
3.509748042682347
3.5772431973493153
3.5588354278946874
3.429981041712294
3.3440781175906977
3.3072625786814425
3.2213596545598464
3.1968159619536762
3.2520392703175593
3.3318062712876126
3.368621810196868
3.429981041712294
3.3440781175906977
3.3440781175906977
3.368621810196868
3.442252888015379
3.454524734318464
3.497476196379262
3.479068426924634
3.448388811166921
3.423845118560751
3.448388811166921
3.454524734318464
3.442252888015379
3.436116964863836
3.4606606574700063
3.472932503773092
3.423845118560751
3.393165502803038
3.3502140407422405
3.3870295796514958
3.4054373491061236
3.393165502803038
3.3502140407422405
3.368621810196868
3.3502140407422405
3.3624858870453256
3.368621810196868
3.399301425954581
3.4054373491061236
3.3502140407422405
3.3624858870453256
3.3440781175906977
3.3440781175906977
3.356349963893783
3.313398501832985
3.2949907323783574
3.3624858870453256
3.368621810196868
3.3440781175906977
3.4177091954092087
3.368621810196868
3.4054373491061236
3.3624858870453256
3.3624858870453256
3.3502140407422405
3.3379421944391554
3.3747577333484107
3.3440781175906977
3.3195344249845276
3.3379421944391554
3.3624858870453256
3.3502140407422405
3.3195344249845276
3.3440781175906977
3.3502140407422405
3.3318062712876126
3.3440781175906977
3.3195344249845276
3.3747577333484107
3.3379421944391554
3.3502140407422405
3.3318062712876126
3.3440781175906977
3.399301425954581
3.3072625786814425
3.3624858870453256
3.356349963893783
